Run semi-empirical minimization
 &qmmm
    qm_theory='AM1', grms_tol=0.0005,
 scfconv=1.d-10, ndiis_attempts=700,   qmcharge=0,
 /
   6    C1       -0.5690       -2.0630        0.2180 
   6    C2        0.3420       -1.0310        0.0170 
   6    C3       -0.1300       -3.3880        0.2400 
   6    C4        1.6960       -1.3180       -0.1610 
   6    C5        3.0420       -5.3090       -0.0960 
   6    C6        3.9530       -4.2770       -0.2960 
   6    C7        1.2290       -3.6950        0.0620 
   6    C8        2.1550       -2.6450       -0.1410 
   6    C9        1.6880       -5.0220        0.0820 
   6   C10        3.5140       -2.9530       -0.3190 
   6   C11        0.7630       -6.1800        0.2940 
   6   C12        4.5470       -1.8910       -0.5380 
   1    H1       -1.6220       -1.8390        0.3560 
   1    H2       -0.0000       -0.0000        0.0000 
   1    H3       -0.8720       -4.1660        0.3990 
   1    H4        2.3770       -0.4840       -0.3150 
   1    H5        3.3960       -6.3370       -0.0810 
   1    H6        5.0050       -4.5140       -0.4340 
   1    H7        1.0590       -6.7400        1.1870 
   1    H8       -0.2710       -5.8380        0.4190 
   1    H9        0.7770       -6.8560       -0.5680 
   1   H10        5.2200       -1.8370        0.3240 
   1   H11        5.1390       -2.0990       -1.4360 
   1   H12        4.0780       -0.9110       -0.6810 

