Run semi-empirical minimization
 &qmmm
    qm_theory='AM1', grms_tol=0.0005,
 scfconv=1.d-10, ndiis_attempts=700,   qmcharge=0,
 /
   6    C1       -2.0700        0.3630        0.3540 
   6    C2       -0.9600       -0.3850        0.3440 
   6    C3       -2.7930        0.2820        3.2080 
   6    C4       -2.2610       -0.9100        3.5020 
   6    C5       -3.2560       -0.4020        0.8510 
   6    C6       -1.1770       -1.7880        0.8190 
   6    C7       -2.6660       -1.8180        1.1940 
   6    C8       -3.9070        0.0430        2.2070 
   6    C9       -3.0230       -1.9560        2.7090 
   6   C10       -4.4510       -1.3120        2.7590 
  17   Cl1       -2.2970        1.8060        3.7520 
  17   Cl2       -0.9450       -1.2380        4.5160 
  17   Cl3       -0.8370       -2.9000       -0.5290 
  17   Cl4       -5.0890        1.3290        2.0290 
  17   Cl5       -2.9090       -3.6060        3.2960 
  17   Cl6       -5.1810       -1.2200        4.4100 
  17   Cl7       -5.6830       -2.1090        1.7150 
   1    H1       -2.1120        1.3970        0.0340 
   1    H2        0.0080       -0.0260        0.0150 
   1    H3       -3.9990       -0.4860        0.0480 
   1    H4       -0.5090       -2.0540        1.6410 
   1    H5       -3.1990       -2.5860        0.6180 

