Run semi-empirical minimization
 &qmmm
    qm_theory='AM1', grms_tol=0.0005,
 scfconv=1.d-10, ndiis_attempts=700,   qmcharge=0,
 /
   6    C1        0.0370       -0.7160        0.8640 
   6    C2        1.2740       -0.4300        1.7010 
   6    C3        2.5560       -0.6360        0.8950 
   6    C4        3.7990       -0.3800        1.7500 
   6    C5        5.0770       -0.5510        0.9310 
   7    N1        6.2490       -0.3240        1.7680 
   1    H1       -0.8680       -0.5620        1.4600 
   1    H2       -0.0110       -0.0510       -0.0040 
   1    H3        0.0370       -1.7500        0.5060 
   1    H4        1.2750       -1.0890        2.5770 
   1    H5        1.2280        0.6010        2.0710 
   1    H6        2.5590        0.0400        0.0310 
   1    H7        2.5840       -1.6600        0.5030 
   1    H8        3.8070       -1.0740        2.6000 
   1    H9        3.7550        0.6360        2.1630 
   1   H10        5.0880        0.1530        0.0920 
   1   H11        5.1270       -1.5640        0.5170 
   1   H12        5.9580        0.1260        2.6330 
   1   H13        6.8720        0.3300        1.2990 

