Run semi-empirical minimization
 &qmmm
    qm_theory='AM1', grms_tol=0.0005,
 scfconv=1.d-10, ndiis_attempts=700,   qmcharge=0,
 /
   6    C1        5.9800       -9.8870       -4.1430 
   6    C2        6.7850       -9.7590       -2.9920 
   6    C3        5.3820       -8.7660       -4.7280 
   6    C4        7.0060       -8.5080       -2.4060 
   6    C5        5.6130       -7.5440       -4.1290 
   6    C6        6.4020       -7.4180       -3.0010 
   6    C7        5.1470       -6.2080       -4.4890 
   6    C8        6.4430       -6.0020       -2.6470 
   6    C9       -0.4150       -2.1290       -3.7800 
   6   C10        2.2640       -5.0230        1.3350 
   6   C11        0.2450       -3.1350       -2.8590 
   6   C12        2.4810       -5.4270       -0.1080 
   6   C13        6.7490       -3.1120       -3.7080 
   6   C14        5.4400       -3.9110       -3.6060 
   7    N1        5.6450       -5.3480       -3.5470 
   8    O1        4.4580       -5.9620       -5.4610 
   8    O2        7.1040       -5.5500       -1.7320 
   8    O3        1.6530       -3.0080       -2.9850 
   8    O4        1.9790       -4.3970       -0.9440 
  15    P1        2.6070       -4.2020       -2.4300 
  16    S1        2.4870       -5.8080       -3.5310 
  16    S2        4.4930       -3.3170       -2.1680 
  17   Cl1        7.6500       -3.5310       -5.1980 
   1    H1        5.8250      -10.8720       -4.5800 
   1    H2        7.2410      -10.6460       -2.5560 
   1    H3        4.7630       -8.8500       -5.6150 
   1    H4        7.6270       -8.3950       -1.5230 
   1    H5       -0.1070       -1.1110       -3.5260 
   1    H6       -0.1150       -2.3040       -4.8180 
   1    H7       -1.5050       -2.1940       -3.7110 
   1    H8        2.7890       -4.0880        1.5560 
   1    H9        1.2010       -4.8440        1.5310 
   1   H10        2.6230       -5.7990        2.0170 
   1   H11       -0.0760       -4.1460       -3.1230 
   1   H12       -0.0400       -2.9350       -1.8210 
   1   H13        1.9400       -6.3530       -0.3240 
   1   H14        3.5470       -5.5900       -0.2920 
   1   H15        6.5500       -2.0370       -3.7640 
   1   H16        7.4240       -3.2910       -2.8660 
   1   H17        4.8420       -3.6830       -4.4940 

