Run semi-empirical minimization
 &qmmm
    qm_theory='AM1', grms_tol=0.0005,
 scfconv=1.d-10, ndiis_attempts=700,   qmcharge=0,
 /
   6    C1        0.7680       -0.7660       -0.1490 
   6    C2        1.0230       -1.5660        1.1230 
   6    C3        0.3390       -1.7920       -1.1830 
   6    C4        0.7370       -3.0100        0.7470 
   7    N1        0.9270       -3.0380       -0.7010 
   1    H1        0.0000       -0.0000       -0.0000 
   1    H2        1.6900       -0.2610       -0.4610 
   1    H3        2.0670       -1.4440        1.4340 
   1    H4        0.3850       -1.2320        1.9470 
   1    H5       -0.7540       -1.8740       -1.2130 
   1    H6        0.6940       -1.5380       -2.1860 
   1    H7        1.4060       -3.7080        1.2570 
   1    H8       -0.2970       -3.2740        1.0000 
   1    H9        0.4580       -3.8430       -1.1120 

