Run semi-empirical minimization
 &qmmm
    qm_theory='AM1', grms_tol=0.0005,
 scfconv=1.d-10, ndiis_attempts=700,   qmcharge=0,
 /
   6    C1        1.0090        0.0280        0.4300 
   6    C2        1.9790        0.6050       -0.5980 
   6    C3        0.9870        0.8490        1.7160 
   6    C4        1.6940        2.0820       -0.8730 
   6    C5        0.7040        2.3260        1.4360 
   6    C6        1.6670        2.9310        0.4050 
   7    N1        3.0130        3.0390        0.9710 
   1    H1        0.0000        0.0010       -0.0000 
   1    H2        1.2860       -1.0080        0.6580 
   1    H3        3.0080        0.4840       -0.2400 
   1    H4        1.9020        0.0380       -1.5330 
   1    H5        0.2200        0.4520        2.3910 
   1    H6        1.9480        0.7450        2.2340 
   1    H7        2.4400        2.4750       -1.5760 
   1    H8        0.7220        2.1670       -1.3750 
   1    H9       -0.3230        2.4240        1.0610 
   1   H10        0.7460        2.8920        2.3750 
   1   H11        1.3300        3.9430        0.1540 
   1   H12        3.0340        3.8160        1.6260 
   1   H13        3.6650        3.2690        0.2270 

