Run semi-empirical minimization
 &qmmm
    qm_theory='AM1', grms_tol=0.0005,
 scfconv=1.d-10, ndiis_attempts=700,   qmcharge=0,
 /
   6    C2        3.2170        3.6500       -3.2580 
   6    C3        1.3910       -0.4450       -1.0600 
   6    C4        2.1450        3.1120       -2.4090 
   6    C5        1.2140        1.0470       -1.2940 
   6    C6        2.3260        1.6120       -2.1760 
   1    H1        4.8680        4.4850       -4.5660 
   6    C1        4.0920        4.0930       -3.9510 
   1    H2        0.5840       -0.8280       -0.4270 
   1    H3        2.3420       -0.6530       -0.5610 
   1    H4        1.3710       -0.9950       -2.0060 
   1    H5        2.1400        3.6390       -1.4480 
   1    H6        1.1750        3.3000       -2.8840 
   1    H7        0.2390        1.2240       -1.7640 
   1    H8        1.2060        1.5640       -0.3270 
   1    H9        3.3000        1.4250       -1.7060 
   1   H10        2.3360        1.0850       -3.1390 

