Run semi-empirical minimization
 &qmmm
    qm_theory='AM1', grms_tol=0.0005,
 scfconv=1.d-10, ndiis_attempts=700,   qmcharge=0,
 /
   6    C1        0.8450       -0.3260        0.5970 
   6    C2        2.9580       -1.4950        0.6720 
   6    C3        0.8410       -0.2430        1.9890 
   6    C4        2.9540       -1.4110        2.0650 
   6    C5        1.9030       -0.9520       -0.0620 
   6    C6        1.8950       -0.7850        2.7230 
   6    C7        1.9070       -1.0380       -1.5130 
   6    C8        2.5650       -0.0240       -3.7090 
   6    C9        3.1110        1.1630       -1.6140 
   7    N1        1.8920       -0.6990        4.1400 
   7    N2        2.5070       -0.0030       -2.2550 
   8    O1        1.3850       -2.0400       -2.0190 
   8    O2        0.9310       -0.1300        4.7130 
   8    O3        2.8500       -1.1940        4.7820 
   1    H1        0.0180        0.1010        0.0340 
   1    H2        3.7870       -1.9860        0.1690 
   1    H3        0.0090        0.2470        2.4890 
   1    H4        3.7830       -1.8370        2.6250 
   1    H5        3.5920        0.1730       -4.0220 
   1    H6        1.8970        0.7470       -4.1000 
   1    H7        2.2460       -1.0080       -4.0600 
   1    H8        2.3450        1.6820       -1.0350 
   1    H9        3.5090        1.8230       -2.3890 
   1   H10        3.9170        0.8270       -0.9580 

