Run semi-empirical minimization
 &qmmm
    qm_theory='AM1', grms_tol=0.0005,
 scfconv=1.d-10, ndiis_attempts=700,   qmcharge=0,
 /
   6    C1        0.2060        2.0680       -0.5490 
   6    C2       -0.5110        0.8980       -0.3360 
   6    C3       -3.9130        4.2700       -1.8370 
   6    C4       -0.4590        3.2130       -0.9790 
   6    C5       -2.5420        4.3260       -1.6300 
   6    C6       -1.8910        0.8740       -0.5530 
   6    C7       -4.5450        3.0660       -1.6000 
   6    C8       -1.8470        3.1880       -1.1970 
   6    C9       -2.5820        2.0030       -0.9830 
   7    N1       -3.9120        1.9460       -1.1820 
   1    H1        1.2790        2.0900       -0.3830 
   1    H2        0.0000        0.0000       -0.0000 
   1    H3       -4.4660        5.1400       -2.1690 
   1    H4        0.1120        4.1240       -1.1430 
   1    H5       -2.0180        5.2620       -1.8090 
   1    H6       -2.4300       -0.0560       -0.3780 
   1    H7       -5.6150        2.9620       -1.7440 

