Run semi-empirical minimization
 &qmmm
    qm_theory='AM1', grms_tol=0.0005,
 scfconv=1.d-10, ndiis_attempts=700,   qmcharge=0,
 /
   6    C1        0.8180       -0.4390        0.5640 
   6    C2        2.9370       -1.5970        0.6200 
   6    C3        0.7990       -0.4060        1.9590 
   6    C4        2.9180       -1.5650        2.0140 
   6    C5        1.8870       -1.0340       -0.1050 
   6    C6        1.8500       -0.9690        2.6840 
   7    N1        1.9040       -1.0690       -1.5250 
   8    O1        0.9480       -0.5590       -2.1570 
   8    O2        2.8750       -1.6100       -2.1070 
   8    O3        1.8320       -0.9360        4.0440 
   1    H1       -0.0070        0.0030        0.0120 
   1    H2        3.7760       -2.0650        0.1100 
   1    H3       -0.0350        0.0600        2.4750 
   1    H4        3.7400       -2.0040        2.5730 
   1    H5        1.1760       -0.2770        4.3350 

