Run semi-empirical minimization
 &qmmm
    qm_theory='AM1', grms_tol=0.0005,
 scfconv=1.d-10, ndiis_attempts=700,   qmcharge=0,
 /
   6    C1       -0.6950       -1.9190       -0.6360 
   6    C2       -0.2070       -0.5210       -0.9410 
   6    C3       -0.8240       -2.8610       -1.8120 
   6    C4        1.0520       -0.5660       -1.7950 
   6    C5        0.4490       -2.8550       -2.6470 
   6    C6        0.8650       -1.4380       -3.0350 
   8    O1       -1.0680       -2.2410        0.4910 
   1    H1       -1.0110        0.0140       -1.4580 
   1    H2        0.0000        0.0000       -0.0000 
   1    H3       -1.0220       -3.8730       -1.4420 
   1    H4       -1.6850       -2.5420       -2.4090 
   1    H5        1.3300        0.4510       -2.0960 
   1    H6        1.8830       -0.9630       -1.2000 
   1    H7        1.2610       -3.3250       -2.0780 
   1    H8        0.2990       -3.4570       -3.5500 
   1    H9        0.1050       -0.9940       -3.6900 
   1   H10        1.8000       -1.4720       -3.6040 

