Run semi-empirical minimization
 &qmmm
    qm_theory='AM1', grms_tol=0.0005,
 scfconv=1.d-10, ndiis_attempts=700,   qmcharge=0,
 /
   6    C1        0.8320       -0.3950        0.5750 
   6    C2        1.8990       -1.0140       -0.0770 
   6    C3        0.8350       -0.2830        1.9660 
   6    C4        2.9710       -1.4090        2.0520 
   6    C5        2.9680       -1.5200        0.6620 
   6    C6        1.9040       -0.7900        2.7040 
   6    C7        4.1090       -2.1810       -0.0360 
   6    C8        1.9060       -0.6710        4.1910 
   1    H1       -0.0000       -0.0010        0.0000 
   1    H2        1.8880       -1.0960       -1.1600 
   1    H3       -0.0010        0.2010        2.4650 
   1    H4        3.8040       -1.8040        2.6280 
   1    H5        4.8780       -2.4790        0.6870 
   1    H6        3.7790       -3.0750       -0.5810 
   1    H7        4.5670       -1.5100       -0.7740 
   1    H8        2.8210       -0.1720        4.5330 
   1    H9        1.0420       -0.0950        4.5460 
   1   H10        1.8480       -1.6580        4.6690 

