Run semi-empirical minimization
 &qmmm
    qm_theory='AM1', grms_tol=0.0005,
 scfconv=1.d-10, ndiis_attempts=700,   qmcharge=0,
 /
   6    C1       -1.0910       -0.8790       -2.1940 
   6    C2       -1.0610        0.5650       -0.1500 
   6    C3        1.9550        2.3020       -3.0390 
   6    C4       -0.3930        1.5690       -2.3520 
   6    C5       -1.3050        0.5380       -1.6610 
   6    C6        1.1130        1.2950       -2.2680 
   8    O1        1.4810        1.3580       -0.8880 
   1    H1       -0.0430       -1.1830       -2.1030 
   1    H2       -1.3800       -0.9570       -3.2460 
   1    H3       -1.7000       -1.5990       -1.6370 
   1    H4       -1.2460        1.5650        0.2570 
   1    H5       -1.7310       -0.1320        0.3650 
   1    H6       -0.0300        0.2850        0.0930 
   1    H7        1.7510        3.3230       -2.7000 
   1    H8        3.0220        2.1220       -2.8660 
   1    H9        1.7730        2.2450       -4.1160 
   1   H10       -0.5860        2.5670       -1.9350 
   1   H11       -0.6760        1.6480       -3.4110 
   1   H12       -2.3520        0.8150       -1.8280 
   1   H13        1.3350        0.2790       -2.6120 
   1   H14        2.1970        2.0080       -0.8270 

