Run semi-empirical minimization
 &qmmm
    qm_theory='AM1', grms_tol=0.0005,
 scfconv=1.d-10, ndiis_attempts=700,   qmcharge=0,
 /
   6    C1       -0.5680       -2.0630        0.2280 
   6    C2        0.3420       -1.0310        0.0180 
   6    C3        3.0390       -5.3110       -0.1010 
   6    C4       -0.1300       -3.3870        0.2510 
   6    C5        1.6940       -1.3190       -0.1680 
   6    C6        1.6870       -5.0230        0.0860 
   6    C7        3.9500       -4.2790       -0.3090 
   6    C8        1.2280       -3.6950        0.0650 
   6    C9        2.1530       -2.6460       -0.1470 
   6   C10        3.5110       -2.9550       -0.3330 
   6   C11        5.1500       -1.3910        0.7410 
   6   C12        4.5420       -1.8940       -0.5630 
   1    H1       -1.6210       -1.8370        0.3710 
   1    H2       -0.0010       -0.0000       -0.0000 
   1    H3        3.3810       -6.3420       -0.0820 
   1    H4       -0.8590       -4.1770        0.4160 
   1    H5        2.3740       -0.4860       -0.3290 
   1    H6        0.9930       -5.8450        0.2480 
   1    H7        5.0010       -4.5160       -0.4520 
   1    H8        4.3830       -0.9600        1.3940 
   1    H9        5.9000       -0.6190        0.5430 
   1   H10        5.6380       -2.2050        1.2880 
   1   H11        5.3420       -2.2780       -1.2130 
   1   H12        4.0990       -1.0480       -1.1080 

