Run semi-empirical minimization
 &qmmm
    qm_theory='AM1', grms_tol=0.0005,
 scfconv=1.d-10, ndiis_attempts=700,   qmcharge=0,
 /
   6    C1       -7.2030        4.0560       -2.2770 
   6    C2       -4.4490       -3.0690        1.7690 
   6    C3       -6.8890        3.3360       -0.9760 
   6    C4       -6.4270        1.9030       -1.2270 
   6    C5       -6.0700        1.1920        0.0700 
   6    C6       -5.2870       -0.8450        0.9420 
   6    C7       -4.8110       -2.2370        0.5480 
   8    O1       -3.6530       -2.0990       -0.2750 
   8    O2       -5.6360       -0.1270       -0.2330 
   1    H1       -7.9790        3.5280       -2.8400 
   1    H2       -7.5510        5.0770       -2.0860 
   1    H3       -6.3080        4.1140       -2.9040 
   1    H4       -3.6830       -2.5620        2.3650 
   1    H5       -5.3230       -3.2430        2.4050 
   1    H6       -4.0300       -4.0370        1.4750 
   1    H7       -6.1110        3.8890       -0.4370 
   1    H8       -7.7830        3.3330       -0.3410 
   1    H9       -7.2090        1.3370       -1.7480 
   1   H10       -5.5570        1.8970       -1.8960 
   1   H11       -5.2620        1.7130        0.5930 
   1   H12       -6.9400        1.1270        0.7330 
   1   H13       -6.1750       -0.8960        1.5810 
   1   H14       -4.4970       -0.2900        1.4580 
   1   H15       -5.5780       -2.7440       -0.0480 
   1   H16       -3.3860       -2.9950       -0.5270 

