Run semi-empirical minimization
 &qmmm
    qm_theory='AM1', grms_tol=0.0005,
 scfconv=1.d-10, ndiis_attempts=700,   qmcharge=0,
 /
   6    C1       -0.8340       -1.4540        2.5990 
   6    C2       -5.2760        2.2910        2.7120 
   6    C3       -0.3800       -4.2950        6.9830 
   6    C4        0.4580       -0.1390       -0.0860 
   6    C5       -3.7560        2.2750        2.6880 
   6    C6       -0.8180       -2.9420        6.4400 
   6    C7       -3.2180        0.9230        2.2230 
   6    C8       -0.9420       -0.5610        0.3300 
   6    C9       -1.6880        0.9140        2.1970 
   6   C10       -0.6240       -2.8670        4.9280 
   7    N1       -1.1580       -0.3850        1.7650 
   8    O1       -0.3520       -2.5040        2.1860 
  16    S1       -1.1570       -1.2420        4.3160 
   1    H1       -5.6650        1.5310        3.3980 
   1    H2       -5.6410        3.2680        3.0460 
   1    H3       -5.6870        2.0970        1.7160 
   1    H4       -0.9620       -5.1050        6.5320 
   1    H5        0.6800       -4.4760        6.7760 
   1    H6       -0.5260       -4.3330        8.0670 
   1    H7        0.6370        0.9170        0.1430 
   1    H8        1.2190       -0.7270        0.4380 
   1    H9        0.5950       -0.2840       -1.1620 
   1   H10       -3.3990        3.0680        2.0200 
   1   H11       -3.3780        2.5020        3.6920 
   1   H12       -0.2350       -2.1580        6.9400 
   1   H13       -1.8720       -2.7840        6.6990 
   1   H14       -3.5890        0.1320        2.8850 
   1   H15       -3.6040        0.6970        1.2220 
   1   H16       -1.0950       -1.6130        0.0620 
   1   H17       -1.6930        0.0190       -0.2180 
   1   H18       -1.2880        1.1760        3.1820 
   1   H19       -1.3170        1.6820        1.5080 
   1   H20        0.4320       -3.0180        4.6780 
   1   H21       -1.2130       -3.6490        4.4360 

