Run semi-empirical minimization
 &qmmm
    qm_theory='AM1', grms_tol=0.0005,
 scfconv=1.d-10, ndiis_attempts=700,   qmcharge=0,
 /
   6    C1       -1.4830       -1.1840        0.9200 
   6    C2       -2.8980       -3.0880        1.4600 
   6    C3       -1.6390       -0.6630        2.2200 
   6    C4       -2.1060       -2.3840        0.5480 
   6    C5       -3.0620       -2.5770        2.7570 
   6    C6       -2.4380       -1.3720        3.1400 
   6    C7        1.2100       -0.4460        3.4410 
   6    C8       -1.4900        1.8070        1.7630 
   6    C9        0.5900        0.5700        2.4890 
   6   C10       -0.9480        0.6440        2.6050 
   7    N1       -1.9230       -2.9050       -0.8140 
   7    N2       -3.8980       -3.3310        3.7010 
   8    O1       -1.2140       -2.2520       -1.5910 
   8    O2       -2.4910       -3.9680       -1.1010 
   8    O3       -4.4200       -4.3810        3.3040 
   8    O4       -4.0320       -2.8680        4.8440 
   8    O5       -2.5580       -0.8230        4.3910 
   1    H1       -0.8680       -0.6450        0.1990 
   1    H2       -3.3780       -4.0200        1.1650 
   1    H3        0.9020       -1.4670        3.1970 
   1    H4        2.3020       -0.4030        3.3740 
   1    H5        0.9270       -0.2360        4.4770 
   1    H6       -1.2400        1.6980        0.7020 
   1    H7       -2.5800        1.8750        1.8450 
   1    H8       -1.0690        2.7590        2.1060 
   1    H9        1.0130        1.5550        2.7210 
   1   H10        0.8980        0.3340        1.4630 
   1   H11       -1.1750        0.8920        3.6480 
   1   H12       -3.1270       -1.3790        4.9650 

