Run semi-empirical minimization
 &qmmm
    qm_theory='AM1', grms_tol=0.0005,
 scfconv=1.d-10, ndiis_attempts=700,   qmcharge=0,
 /
   6    C1        1.8850       -1.0360       -0.1120 
   6    C2        0.8070       -0.4630        0.5610 
   6    C3        2.9210       -1.6310        0.6080 
   6    C4        1.1070       -2.1900        6.1870 
   6    C5        2.2720       -0.0750        6.2550 
   6    C6        1.8000       -1.0790        2.6760 
   6    C7        1.7550       -1.1010        4.1300 
   6    C8        0.7640       -0.4840        1.9550 
   6    C9        2.8780       -1.6520        2.0020 
   6   C10        1.6670       -1.1430        6.9180 
   6   C11        1.1500       -2.1690        4.7930 
   6   C12        2.3160       -0.0540        4.8610 
  17   Cl1       -0.6020        0.2450        2.7290 
  17   Cl2        4.1950       -2.4050        2.8370 
  17   Cl3        1.6120       -1.1680        8.6380 
  17   Cl4        0.4360       -3.4980        3.9440 
  17   Cl5        3.0780        1.3010        4.0990 
   1    H1        1.9180       -1.0200       -1.1980 
   1    H2        0.0080       -0.0040       -0.0170 
   1    H3        3.7540       -2.0730        0.0670 
   1    H4        0.6360       -3.0220        6.7070 
   1    H5        2.7070        0.7420        6.8290 

