Run semi-empirical minimization
 &qmmm
    qm_theory='AM1', grms_tol=0.0005,
 scfconv=1.d-10, ndiis_attempts=700,   qmcharge=0,
 /
   6    C1        0.3020        0.5420        3.9170 
   6    C2       -3.1660       -3.7250       -0.0470 
   6    C3        0.3150        0.8020        2.4260 
   6    C4       -3.2680       -2.2460       -0.3500 
   6    C5       -0.8940        0.4510        0.4420 
   6    C6       -2.1460       -0.1940       -0.1210 
   8    O1       -0.8530        0.2360        1.8470 
   8    O2       -2.1050       -1.5920        0.1370 
   1    H1        1.1900        0.9650        4.3950 
   1    H2       -0.5900        0.9800        4.3780 
   1    H3        0.2690       -0.5340        4.1210 
   1    H4       -4.0480       -4.2600       -0.4090 
   1    H5       -2.2750       -4.1550       -0.5160 
   1    H6       -3.0700       -3.8920        1.0310 
   1    H7        1.1950        0.3430        1.9650 
   1    H8        0.3240        1.8770        2.2240 
   1    H9       -4.1460       -1.8130        0.1390 
   1   H10       -3.3400       -2.0790       -1.4290 
   1   H11       -0.8900        1.5300        0.2610 
   1   H12        0.0000        0.0000        0.0000 
   1   H13       -2.2120       -0.0490       -1.2040 
   1   H14       -3.0380        0.2180        0.3610 

