Run semi-empirical minimization
 &qmmm
    qm_theory='AM1', grms_tol=0.0005,
 scfconv=1.d-10, ndiis_attempts=700,   qmcharge=0,
 /
   6    C1        0.8180       -0.4390        0.5640 
   6    C2        2.9370       -1.5970        0.6200 
   6    C3        0.7990       -0.4060        1.9590 
   6    C4        2.9180       -1.5650        2.0140 
   6    C5        1.8870       -1.0340       -0.1050 
   6    C6        1.8500       -0.9690        2.6840 
   6    C7        1.9050       -1.0680       -1.5590 
   8    O1        2.8210       -1.5790       -2.2090 
   8    O2        1.8310       -0.9390        4.0440 
   1    H1       -0.0060        0.0040        0.0090 
   1    H2        3.7740       -2.0650        0.1080 
   1    H3       -0.0370        0.0580        2.4750 
   1    H4        3.7400       -2.0050        2.5730 
   1    H5        1.0450       -0.6070       -2.0920 
   1    H6        1.1750       -0.2790        4.3350 

