Run semi-empirical minimization
 &qmmm
    qm_theory='AM1', grms_tol=0.0005,
 scfconv=1.d-10, ndiis_attempts=700,   qmcharge=0,
 /
   6    C1        3.8660        1.0810        6.7820 
   6    C2        0.9650       -0.4230        0.5620 
   6    C3        5.1180        0.5220        6.5790 
   6    C4        1.7760       -1.4230        0.0320 
   6    C5        2.7820        0.6460        6.0200 
   6    C6        0.9430       -0.1990        1.9390 
   6    C7        5.2810       -0.4680        5.6120 
   6    C8        2.5700       -2.1990        0.8760 
   6    C9        2.9210       -0.3680        5.0470 
   6   C10        1.7350       -0.9780        2.7960 
   6   C11        4.1980       -0.9340        4.8350 
   6   C12        2.5580       -1.9830        2.2620 
   6   C13        1.7210       -0.7510        4.2570 
   6   C14        0.5610       -1.0060        4.8940 
   6   C15        4.5480       -1.9880        3.8000 
   6   C16        3.4250       -2.8150        3.1720 
   6   C17       -3.8880       -2.9650        5.3890 
   6   C18       -2.6370       -3.6840        3.4670 
   6   C19       -0.7020       -1.3980        4.1940 
   6   C20       -1.6220       -2.2260        5.0850 
   7    N1       -2.8460       -2.5840        4.4220 
   1    H1        3.7270        1.8490        7.5370 
   1    H2        0.3470        0.1810       -0.0950 
   1    H3        5.9650        0.8460        7.1760 
   1    H4        1.7900       -1.6000       -1.0400 
   1    H5        1.8140        1.1080        6.2080 
   1    H6        0.3020        0.5850        2.3340 
   1    H7        6.2750       -0.8870        5.4650 
   1    H8        3.1960       -2.9760        0.4450 
   1    H9        0.5390       -0.9120        5.9720 
   1   H10        5.0570       -1.4770        2.9710 
   1   H11        5.2840       -2.6660        4.2550 
   1   H12        2.8090       -3.2320        3.9780 
   1   H13        3.8240       -3.6790        2.6250 
   1   H14       -4.0520       -2.1540        6.1030 
   1   H15       -3.5850       -3.8610        5.9370 
   1   H16       -4.8280       -3.1720        4.8700 
   1   H17       -1.8650       -3.4110        2.7430 
   1   H18       -3.5640       -3.8980        2.9290 
   1   H19       -2.3210       -4.5880        3.9950 
   1   H20       -0.4860       -1.9480        3.2690 
   1   H21       -1.2220       -0.4780        3.9030 
   1   H22       -1.8970       -1.6510        5.9750 
   1   H23       -1.1390       -3.1520        5.4150 

