Run semi-empirical minimization
 &qmmm
    qm_theory='AM1', grms_tol=0.0005,
 scfconv=1.d-10, ndiis_attempts=700,   qmcharge=0,
 /
   6    C1        0.3790       -0.7860        0.7060 
   6    C2        1.5220       -0.2150        1.5300 
   6    C3        2.7000        0.1940        0.6450 
   6    C4        3.8610        0.7360        1.4790 
   6    C5        5.0100        1.1790        0.5900 
   7    N1        6.0590        1.7460        1.4530 
   8    O1        6.0250        2.9690        1.6780 
   8    O2        6.9050        0.9630        1.9200 
   1    H1       -0.4520       -1.0720        1.3590 
   1    H2        0.0070       -0.0490       -0.0130 
   1    H3        0.6980       -1.6750        0.1540 
   1    H4        1.8480       -0.9650        2.2600 
   1    H5        1.1610        0.6520        2.0940 
   1    H6        2.3730        0.9580       -0.0710 
   1    H7        3.0390       -0.6710        0.0610 
   1    H8        4.2040       -0.0380        2.1780 
   1    H9        3.5140        1.5790        2.0900 
   1   H10        4.7210        1.9680       -0.1080 
   1   H11        5.4680        0.3460        0.0500 

