Run semi-empirical minimization
 &qmmm
    qm_theory='AM1', grms_tol=0.0005,
 scfconv=1.d-10, ndiis_attempts=700,   qmcharge=0,
 /
   6    C1        0.2370       -2.1820       -4.7280 
   6    C2       -1.1640       -0.3040       -0.2490 
   6    C3        1.5240       -4.3440       -9.1380 
   6    C4       -0.6040       -1.1540       -3.9880 
   6    C5        0.0830       -2.1870       -6.2420 
   6    C6       -1.3120       -0.2090       -1.7590 
   6    C7        0.7130       -3.2490       -8.4640 
   6    C8       -0.4250       -1.2270       -2.4730 
   6    C9        0.8880       -3.2800       -6.9440 
   8    O1        0.9710       -2.9750       -4.1390 
   1    H1       -1.8050        0.4350        0.2420 
   1    H2       -0.1310       -0.1150        0.0580 
   1    H3       -1.4540       -1.2970        0.1120 
   1    H4        1.3790       -4.3100      -10.2230 
   1    H5        2.5920       -4.2230       -8.9340 
   1    H6        1.2160       -5.3340       -8.7870 
   1    H7       -0.3150       -0.1610       -4.3480 
   1    H8       -1.6540       -1.3290       -4.2490 
   1    H9        0.3720       -1.2030       -6.6270 
   1   H10       -0.9830       -2.3360       -6.4520 
   1   H11       -1.0500        0.8050       -2.0820 
   1   H12       -2.3610       -0.3750       -2.0290 
   1   H13       -0.3460       -3.3800       -8.7180 
   1   H14        1.0230       -2.2790       -8.8650 
   1   H15        0.6270       -1.0460       -2.2170 
   1   H16       -0.6650       -2.2380       -2.1210 
   1   H17        0.5500       -4.2530       -6.5690 
   1   H18        1.9510       -3.1930       -6.6880 

