Run semi-empirical minimization
 &qmmm
    qm_theory='AM1', grms_tol=0.0005,
 scfconv=1.d-10, ndiis_attempts=700,   qmcharge=0,
 /
   6    C1        1.8850       -1.0360       -0.1120 
   6    C2        0.8070       -0.4630        0.5610 
   6    C3        2.9210       -1.6310        0.6080 
   6    C4        1.0760       -2.2470        6.1370 
   6    C5        1.6250       -1.2210        6.9060 
   6    C6        0.7640       -0.4840        1.9550 
   6    C7        2.8780       -1.6520        2.0020 
   6    C8        1.1410       -2.1870        4.7450 
   6    C9        2.2390       -0.1350        6.2820 
   6   C10        1.8000       -1.0790        2.6760 
   6   C11        1.7550       -1.1010        4.1220 
   6   C12        2.3040       -0.0740        4.8900 
  17   Cl1        3.0770        1.2960        4.1720 
   1    H1        1.9170       -1.0210       -1.1980 
   1    H2       -0.0010       -0.0020        0.0000 
   1    H3        3.7600       -2.0790        0.0840 
   1    H4        0.5980       -3.0930        6.6220 
   1    H5        1.5750       -1.2680        7.9900 
   1    H6       -0.0840       -0.0330        2.4660 
   1    H7        3.6930       -2.1200        2.5500 
   1    H8        0.7070       -2.9960        4.1620 
   1    H9        2.6620        0.6560        6.8970 

