Run semi-empirical minimization
 &qmmm
    qm_theory='AM1', grms_tol=0.0005,
 scfconv=1.d-10, ndiis_attempts=700,   qmcharge=0,
 /
   6    C1       -2.3110        3.1440       -1.9980 
   6    C2       -3.1110        3.0370       -0.8820 
   6    C3       -0.4780        2.6220       -0.7330 
   6    C4       -1.2870        2.5200        0.3650 
   6    C5       -2.0270        0.0020        1.8760 
   6    C6        0.3170       -0.0300        1.0010 
   6    C7       -0.6900        2.1630        1.7040 
   6    C8       -0.6430        0.6470        1.9820 
   7    N1       -0.9800        2.9390       -1.9440 
   7    N2       -2.6100        2.7200        0.3280 
   1    H1       -2.7140        3.3990       -2.9700 
   1    H2       -4.1810        3.2030       -0.9270 
   1    H3        0.5920        2.4580       -0.6970 
   1    H4       -2.4720        0.1740        0.8900 
   1    H5       -2.7110        0.3990        2.6330 
   1    H6       -1.9630       -1.0810        2.0310 
   1    H7        0.3860       -1.1040        1.2020 
   1    H8       -0.0150        0.1010       -0.0350 
   1    H9        1.3250        0.3910        1.0900 
   1   H10        0.3180        2.5890        1.7890 
   1   H11       -1.2870        2.6640        2.4780 
   1   H12       -0.2630        0.4720        2.9960 

