Run semi-empirical minimization
 &qmmm
    qm_theory='AM1', grms_tol=0.0005,
 scfconv=1.d-10, ndiis_attempts=700,   qmcharge=0,
 /
   6    C1        1.8850       -1.0360       -0.1120 
   6    C2        2.8780       -1.6520        2.0020 
   6    C3        0.8070       -0.4630        0.5610 
   6    C4        1.8000       -1.0790        2.6760 
   6    C5        2.9210       -1.6310        0.6080 
   6    C6        0.7640       -0.4840        1.9550 
   6    C7        4.0460       -2.2280       -0.0940 
   6    C8        6.1160       -3.3760        0.2050 
   8    O1        4.1680       -2.2560       -1.3250 
   8    O2       -0.2890        0.0740        2.6120 
   8    O3        4.9580       -2.7580        0.7770 
   1    H1        1.9090       -1.0150       -1.1990 
   1    H2        3.6800       -2.1130        2.5730 
   1    H3        0.0030       -0.0010       -0.0060 
   1    H4        1.7710       -1.0990        3.7620 
   1    H5        6.7590       -3.7560        1.0030 
   1    H6        6.6590       -2.6450       -0.3990 
   1    H7        5.7980       -4.2070       -0.4300 
   1    H8       -0.1750       -0.0190        3.5710 

