Run semi-empirical minimization
 &qmmm
    qm_theory='AM1', grms_tol=0.0005,
 scfconv=1.d-10, ndiis_attempts=700,   qmcharge=0,
 /
   6    C1       -3.8240       -2.6720       -4.7120 
   6    C2       -2.8280       -1.6960       -4.6950 
   6    C3       -3.4760       -4.0160       -4.5980 
   6    C4       -1.4860       -2.0680       -4.5640 
   6    C5       -2.1270       -4.3690       -4.4680 
   6    C6       -1.1220       -3.4150       -4.4490 
   6    C7       -1.7020       -5.7600       -4.3460 
   6    C8       -0.5670      -11.8280       -1.5270 
   6    C9        3.3880       -9.5370       -2.3130 
   6   C10        0.1850       -7.2920       -4.0600 
   7    N1        0.2320       -3.7410       -4.3210 
   7    N2        0.5770       -4.9370       -4.2070 
   7    N3       -0.3390       -5.9500       -4.2240 
   8    O1       -2.5340       -6.6630       -4.3600 
   8    O2       -0.1720      -10.4830       -1.3290 
   8    O3        2.2010       -9.9940       -1.6910 
  15    P1        0.7760       -9.7650       -2.4410 
  16    S1        0.6980      -10.6540       -4.1770 
  16    S2        0.3550       -7.7130       -2.3100 
   1    H1       -4.8680       -2.3850       -4.8120 
   1    H2       -3.0940       -0.6450       -4.7820 
   1    H3       -4.2470       -4.7830       -4.6090 
   1    H4       -0.7150       -1.3000       -4.5510 
   1    H5       -1.4770      -12.0110       -0.9510 
   1    H6        0.2160      -12.4990       -1.1650 
   1    H7       -0.7730      -12.0320       -2.5810 
   1    H8        4.1580       -9.4180       -1.5460 
   1    H9        3.2350       -8.5740       -2.8060 
   1   H10        3.7320      -10.2770       -3.0410 
   1   H11       -0.4840       -8.0080       -4.5460 
   1   H12        1.1610       -7.3550       -4.5510 

