Run semi-empirical minimization
 &qmmm
    qm_theory='AM1', grms_tol=0.0005,
 scfconv=1.d-10, ndiis_attempts=700,   qmcharge=0,
 /
   6    C1        0.4520       -0.7410        0.2810 
   6    C2       -7.0610       -8.7110       -3.0140 
   6    C3       -0.2800       -2.0450        0.5520 
   6    C4       -6.3260       -7.4080       -3.2890 
   6    C5       -1.2770       -2.3690       -0.5600 
   6    C6       -5.4700       -6.9880       -2.0940 
   6    C7       -2.0370       -3.6650       -0.2670 
   6    C8       -4.7180       -5.6720       -2.3180 
   6    C9       -3.0070       -4.0070       -1.4000 
   6   C10       -3.8040       -5.2920       -1.1510 
   1    H1        1.1610       -0.5290        1.0880 
   1    H2       -0.2490        0.0970        0.2170 
   1    H3        1.0130       -0.7930       -0.6580 
   1    H4       -7.6710       -8.9920       -3.8780 
   1    H5       -6.3560       -9.5250       -2.8170 
   1    H6       -7.7240       -8.6130       -2.1480 
   1    H7       -0.8040       -1.9700        1.5120 
   1    H8        0.4520       -2.8560        0.6440 
   1    H9       -7.0640       -6.6330       -3.5210 
   1   H10       -5.6940       -7.5330       -4.1760 
   1   H11       -0.7450       -2.4620       -1.5140 
   1   H12       -1.9900       -1.5420       -0.6670 
   1   H13       -4.7310       -7.7730       -1.8890 
   1   H14       -6.0980       -6.9060       -1.1990 
   1   H15       -2.5840       -3.5540        0.6760 
   1   H16       -1.3220       -4.4860       -0.1340 
   1   H17       -5.4440       -4.8730       -2.5060 
   1   H18       -4.1150       -5.7740       -3.2290 
   1   H19       -2.4410       -4.1310       -2.3310 
   1   H20       -3.6980       -3.1700       -1.5610 
   1   H21       -4.3900       -5.1760       -0.2330 
   1   H22       -3.0910       -6.1060       -0.9730 

