Run semi-empirical minimization
 &qmmm
    qm_theory='AM1', grms_tol=0.0005,
 scfconv=1.d-10, ndiis_attempts=700,   qmcharge=0,
 /
   6    C1        1.8840       -1.0360       -0.1090 
   6    C2        2.8270       -0.2760        0.5840 
   6    C3        0.9250       -1.7660        0.5930 
   6    C4        2.8100       -0.2470        1.9780 
   6    C5        0.9080       -1.7360        1.9870 
   6    C6        1.8510       -0.9770        2.6800 
   6    C7        0.8410       -1.7020        4.8280 
   6    C8        2.8170       -0.1710        4.8190 
   6    C9        2.3190        1.2390        5.0220 
   7    N1        1.8340       -0.9470        4.0900 
   9    F1        3.2370        1.9730        5.6890 
   9    F2        2.0830        1.8540        3.8440 
   9    F3        1.1780        1.2610        5.7430 
   1    H1        1.8970       -1.0590       -1.1950 
   1    H2        3.5740        0.2920        0.0370 
   1    H3        0.1910       -2.3570        0.0540 
   1    H4        3.5490        0.3490        2.5080 
   1    H5        0.1560       -2.3090        2.5240 
   1    H6       -0.1270       -1.1950        4.7830 
   1    H7        1.1400       -1.7960        5.8750 
   1    H8        0.7340       -2.7030        4.4020 
   1    H9        3.0090       -0.6450        5.7870 
   1   H10        3.7580       -0.1610        4.2610 

