Run semi-empirical minimization
 &qmmm
    qm_theory='AM1', grms_tol=0.0005,
 scfconv=1.d-10, ndiis_attempts=700,   qmcharge=0,
 /
   6    C1        1.8850       -1.0380       -0.1090 
   6    C2        0.8180       -0.4410        0.5630 
   6    C3        2.9350       -1.6040        0.6140 
   6    C4        0.8010       -0.4100        1.9570 
   6    C5        2.9180       -1.5730        2.0080 
   6    C6        1.8510       -0.9770        2.6800 
   6    C7        1.1870       -2.0310        4.7060 
   7    N1        3.9880       -2.1500        2.7270 
   8    O1        1.8150       -0.9360        4.0420 
   1    H1        1.8980       -1.0610       -1.1950 
   1    H2        0.0000       -0.0000       -0.0000 
   1    H3        3.7610       -2.0660        0.0800 
   1    H4       -0.0340        0.0560        2.4740 
   1    H5        1.9020       -2.8490        4.8190 
   1    H6        0.3240       -2.3640        4.1240 
   1    H7        0.8530       -1.7030        5.6930 
   1    H8        4.5480       -2.8510        2.2870 
   1    H9        4.1070       -1.9160        3.6910 

