Run semi-empirical minimization
 &qmmm
    qm_theory='AM1', grms_tol=0.0005,
 scfconv=1.d-10, ndiis_attempts=700,   qmcharge=0,
 /
   6    C1        1.7770        0.4550       -1.0850 
   6    C2        2.2250        1.2890       -2.0400 
   6    C3        0.3710       -0.0660       -1.0290 
   6    C4        1.3430        1.7500       -3.1740 
   6    C5       -0.5880        0.6850       -1.9520 
   6    C6        0.0500        0.9430       -3.3120 
   6    C7        3.6290        1.8160       -2.0380 
   1    H1        2.4520        0.1320       -0.2970 
   1    H2        0.3860       -1.1290       -1.2960 
   1    H3       -0.0000        0.0000        0.0000 
   1    H4        1.0980        2.8070       -3.0140 
   1    H5        1.8940        1.6870       -4.1210 
   1    H6       -1.5120        0.1090       -2.0710 
   1    H7       -0.8670        1.6420       -1.4930 
   1    H8       -0.6510        1.4780       -3.9630 
   1    H9        0.2660       -0.0170       -3.7990 
   1   H10        4.1710        1.4010       -1.1910 
   1   H11        3.6100        2.9010       -1.9620 
   1   H12        4.1250        1.5320       -2.9640 

