Run semi-empirical minimization
 &qmmm
    qm_theory='AM1', grms_tol=0.0005,
 scfconv=1.d-10, ndiis_attempts=700,   qmcharge=0,
 /
   6    C1        0.8260       -2.1460       -1.9290 
   6    C2        2.0360       -1.9200       -0.0450 
   6    C3        2.6690       -3.3720       -1.6210 
   6    C4       -1.3900       -1.2620       -4.7620 
   6    C5        1.8380       -3.0790        2.8140 
   6    C6        3.1860       -1.0400        3.3630 
   6    C7        5.1080       -4.5080       -1.0160 
   6    C8       -0.1290       -1.7920       -4.0980 
   6    C9        2.8030       -2.0300        2.2620 
   7    N1        0.9850       -1.5440       -0.7580 
   7    N2        1.6450       -3.0670       -2.4070 
   7    N3        2.9100       -2.8340       -0.4330 
   7    N4       -0.2910       -1.7500       -2.6560 
   7    N5        2.1880       -1.2800        1.1750 
  16    S1        3.7830       -4.6140       -2.2430 
   1    H1       -2.2630       -1.8610       -4.4810 
   1    H2       -1.5860       -0.2260       -4.4650 
   1    H3       -1.2900       -1.2920       -5.8510 
   1    H4        0.9030       -2.6210        3.1540 
   1    H5        1.5830       -3.8250        2.0530 
   1    H6        2.2850       -3.6100        3.6610 
   1    H7        2.3080       -0.5100        3.7490 
   1    H8        3.8840       -0.2860        2.9800 
   1    H9        3.6700       -1.5540        4.1990 
   1   H10        5.9020       -5.2080       -1.2890 
   1   H11        4.7420       -4.7790       -0.0220 
   1   H12        5.5350       -3.5010       -0.9900 
   1   H13        0.7250       -1.1770       -4.4100 
   1   H14        0.0410       -2.8190       -4.4420 
   1   H15        3.7260       -2.5200        1.9280 
   1   H16       -0.5790       -0.8550       -2.2730 
   1   H17        1.3040       -0.8320        1.3910 

