Run semi-empirical minimization
 &qmmm
    qm_theory='AM1', grms_tol=0.0005,
 scfconv=1.d-10, ndiis_attempts=700,   qmcharge=0,
 /
   6    C1        3.4280        0.0980       -2.2480 
   6    C2       -3.4350        6.3890       -5.7320 
   6    C3        2.6490        1.3740       -1.9720 
   6    C4       -2.5370        6.0480       -4.5540 
   6    C5        1.7010        1.7130       -3.1220 
   6    C6       -1.6920        4.8050       -4.8340 
   6    C7        0.8960        2.9760       -2.8210 
   6    C8       -0.7660        4.4900       -3.6600 
   7    N1        0.0140        3.2930       -3.9380 
   1    H1        4.0990       -0.1240       -1.4130 
   1    H2        2.7520       -0.7540       -2.3770 
   1    H3        4.0340        0.1970       -3.1540 
   1    H4       -4.0300        7.2800       -5.5100 
   1    H5       -2.8440        6.5910       -6.6310 
   1    H6       -4.1240        5.5670       -5.9520 
   1    H7        2.0790        1.2540       -1.0430 
   1    H8        3.3540        2.1990       -1.8150 
   1    H9       -1.8830        6.9020       -4.3410 
   1   H10       -3.1570        5.8840       -3.6650 
   1   H11        2.2800        1.8520       -4.0440 
   1   H12        1.0190        0.8690       -3.2940 
   1   H13       -2.3520        3.9500       -5.0270 
   1   H14       -1.0980        4.9650       -5.7440 
   1   H15        0.2980        2.8370       -1.9140 
   1   H16        1.5720        3.8210       -2.6500 
   1   H17       -0.0880        5.3310       -3.4760 
   1   H18       -1.3540        4.3300       -2.7500 
   1   H19        0.5760        3.4440       -4.7750 

