Run semi-empirical minimization
 &qmmm
    qm_theory='AM1', grms_tol=0.0005,
 scfconv=1.d-10, ndiis_attempts=700,   qmcharge=0,
 /
   6    C1        1.8260        0.1300       -1.0400 
   6    C2        0.9950        0.4380       -0.0380 
   6    C3        1.4150       -0.8860       -2.0280 
   6    C4        1.6140        1.8760        3.4820 
   6    C5        1.3140        1.4610        1.0140 
   6    C6        1.2640        0.8510        2.4150 
   8    O1        2.1350       -1.2060       -2.9660 
   1    H1        2.7960        0.5970       -1.1590 
   1    H2        0.0270       -0.0520        0.0420 
   1    H3        0.4220       -1.3410       -1.8770 
   1    H4        2.6240        2.2700        3.3310 
   1    H5        0.9110        2.7150        3.4650 
   1    H6        1.5730        1.4190        4.4760 
   1    H7        2.3030        1.9030        0.8400 
   1    H8        0.5850        2.2770        0.9380 
   1    H9        0.2620        0.4520        2.6170 
   1   H10        1.9640        0.0090        2.4840 

