Run semi-empirical minimization
 &qmmm
    qm_theory='AM1', grms_tol=0.0005,
 scfconv=1.d-10, ndiis_attempts=700,   qmcharge=0,
 /
   6    C1        1.8850       -1.0380       -0.1090 
   6    C2        0.8180       -0.4410        0.5630 
   6    C3        2.9350       -1.6040        0.6140 
   6    C4        0.8010       -0.4100        1.9570 
   6    C5        2.9180       -1.5730        2.0080 
   6    C6        1.8510       -0.9770        2.6800 
   7    N1        3.9970       -2.1550        2.7290 
   8    O1        4.9390       -2.6820        2.0900 
   8    O2        3.9750       -2.1240        3.9820 
   8    O3        1.8120       -0.9350        4.0420 
   1    H1        1.8980       -1.0610       -1.1950 
   1    H2       -0.0000       -0.0000       -0.0000 
   1    H3        3.7600       -2.0650        0.0770 
   1    H4       -0.0330        0.0560        2.4740 
   1    H5        1.1530       -0.2720        4.3160 

