Run semi-empirical minimization
 &qmmm
    qm_theory='AM1', grms_tol=0.0005,
 scfconv=1.d-10, ndiis_attempts=700,   qmcharge=0,
 /
   6    C1        2.8440       -1.7000        3.2480 
   6    C2        1.6480       -0.9850        3.2960 
   6    C3        3.4250       -2.0050        2.0170 
   6    C4        2.8100       -1.5940        0.8350 
   6    C5        1.6130       -0.8790        0.8830 
   6    C6        1.0320       -0.5750        2.1140 
   6    C7        1.0810       -0.6920        4.6080 
   6    C8        5.1570       -3.0850        3.2370 
   6    C9        0.0950       -1.3890       -0.8750 
   8    O1        0.7560       -1.5700        5.4090 
   8    O2        3.3800       -1.8930       -0.3680 
   8    O3        4.5940       -2.7040        1.9840 
   8    O4        1.0260       -0.4860       -0.2840 
  17   Cl1       -0.4540        0.3140        2.1630 
   1    H1        3.3290       -2.0230        4.1660 
   1    H2        0.9450        0.3770        4.8740 
   1    H3        6.0860       -3.6360        3.0680 
   1    H4        4.4450       -3.7100        3.7820 
   1    H5        5.3700       -2.1860        3.8200 
   1    H6       -0.2990       -0.9560       -1.7980 
   1    H7       -0.7210       -1.5840       -0.1740 
   1    H8        0.6070       -2.3270       -1.1050 
   1    H9        4.2010       -2.3900       -0.2330 

