Run semi-empirical minimization
 &qmmm
    qm_theory='AM1', grms_tol=0.0005,
 scfconv=1.d-10, ndiis_attempts=700,   qmcharge=0,
 /
   6    C1       -2.1380       -2.7710        3.5730 
   6    C2       -0.9810       -2.0190        3.3700 
   6    C3       -3.2800       -2.5130        2.8140 
   6    C4       -0.9660       -1.0090        2.4080 
   6    C5       -3.2650       -1.5020        1.8530 
   6    C6       -2.1080       -0.7840        1.6810 
   6    C7       -1.0060        0.0250       -0.4340 
   6    C8       -1.7780        1.6830        1.2950 
   6    C9       -3.4290        0.4950       -0.1340 
   6   C10       -2.0900        0.3300        0.6220 
   1    H1       -2.1510       -3.5580        4.3220 
   1    H2       -0.0920       -2.2210        3.9610 
   1    H3       -4.1810       -3.0980        2.9730 
   1    H4       -0.0590       -0.4280        2.2570 
   1    H5       -4.1590       -1.3080        1.2660 
   1    H6       -0.9950        0.7880       -1.2210 
   1    H7        0.0000        0.0000        0.0000 
   1    H8       -1.1820       -0.9450       -0.9120 
   1    H9       -0.7880        1.6940        1.7650 
   1   H10       -1.7940        2.5020        0.5660 
   1   H11       -2.5140        1.9160        2.0740 
   1   H12       -3.3660        1.2990       -0.8770 
   1   H13       -3.7040       -0.4190       -0.6720 
   1   H14       -4.2480        0.7500        0.5480 

