Run semi-empirical minimization
 &qmmm
    qm_theory='AM1', grms_tol=0.0005,
 scfconv=1.d-10, ndiis_attempts=700,   qmcharge=0,
 /
   6    C1       -0.7130        1.3210       -1.5480 
   6    C2       -4.7450       -2.1210       -2.4720 
   6    C3       -0.1310        1.1110       -0.1830 
   6    C4       -4.3200       -3.5310       -2.1960 
   6    C5       -2.5900        0.8100       -2.8900 
   6    C6       -3.9060        0.0610       -2.8220 
   8    O1       -0.1670        1.9650       -2.4340 
   8    O2       -5.9100       -1.7680       -2.5950 
   8    O3       -1.9190        0.6900       -1.6320 
   8    O4       -3.6450       -1.3130       -2.5610 
   1    H1        0.0290        0.0440       -0.0080 
   1    H2       -0.7990        1.5300        0.5730 
   1    H3        0.8340        1.6230       -0.1180 
   1    H4       -3.7870       -3.5780       -1.2430 
   1    H5       -3.6870       -3.8930       -3.0100 
   1    H6       -5.2050       -4.1710       -2.1330 
   1    H7       -2.7510        1.8740       -3.0900 
   1    H8       -1.9460        0.3830       -3.6640 
   1    H9       -4.4490        0.1300       -3.7700 
   1   H10       -4.5280        0.4510       -2.0110 

