Run semi-empirical minimization
 &qmmm
    qm_theory='AM1', grms_tol=0.0005,
 scfconv=1.d-10, ndiis_attempts=700,   qmcharge=0,
 /
   6    C1       -1.4240       -1.4910       -0.6420 
   6    C2       -0.7390       -0.1330       -0.8000 
   6    C3       -0.4800       -2.6340       -1.0160 
   6    C4       -0.0640       -0.0220       -2.1700 
   6    C5        0.2030       -2.3730       -2.3590 
   6    C6        0.7250        1.2760       -2.3060 
   8    O1        0.8520       -1.1030       -2.3510 
   8    O2       -1.8480       -1.6520        0.7120 
   8    O3       -1.7100        0.9020       -0.6670 
   8    O4       -1.2210       -3.8520       -1.0860 
   8    O5        1.1670       -3.4050       -2.5670 
   8    O6        1.3270        1.3050       -3.5870 
   1    H1       -2.3370       -1.5300       -1.2480 
   1    H2        0.0000        0.0020       -0.0010 
   1    H3        0.2720       -2.7730       -0.2310 
   1    H4       -0.8140       -0.0420       -2.9720 
   1    H5       -0.5170       -2.4240       -3.1850 
   1    H6        1.5010        1.3220       -1.5420 
   1    H7        0.0560        2.1310       -2.2030 
   1    H8       -1.0490       -1.6000        1.2570 
   1    H9       -2.3640        0.7580       -1.3690 
   1   H10       -1.8990       -3.7220       -1.7660 
   1   H11        1.5860       -3.2200       -3.4210 
   1   H12        1.8230        2.1390       -3.6510 

