Run semi-empirical minimization
 &qmmm
    qm_theory='AM1', grms_tol=0.0005,
 scfconv=1.d-10, ndiis_attempts=700,   qmcharge=0,
 /
   6    C1        0.3900       -0.1780       -1.0080 
   6    C2       -0.7000        1.9370       -1.7720 
   6    C3        0.0070        0.2530       -3.4790 
   6    C4       -0.5320        0.4430       -2.0610 
  35   Br1        1.7600        1.0800       -3.6870 
   1    H1        1.3970        0.2500       -1.0590 
   1    H2       -0.0000        0.0000        0.0000 
   1    H3        0.4760       -1.2620       -1.1370 
   1    H4        0.2570        2.4660       -1.8430 
   1    H5       -1.1020        2.0960       -0.7670 
   1    H6       -1.3940        2.3950       -2.4850 
   1    H7       -0.6460        0.6940       -4.2380 
   1    H8        0.1620       -0.8050       -3.7130 
   1    H9       -1.5190       -0.0270       -1.9740 

