Run semi-empirical minimization
 &qmmm
    qm_theory='AM1', grms_tol=0.0005,
 scfconv=1.d-10, ndiis_attempts=700,   qmcharge=0,
 /
   6    C1        2.6510        2.6140        2.8470 
   6    C2        1.0140        0.3950        0.1170 
   6    C3        5.4840        4.5630        4.6450 
   6    C4        2.5200        1.7870        1.5770 
   6    C5        4.0250        3.2150        3.0970 
   6    C6        1.1270        1.1880        1.4080 
   6    C7        4.0920        4.0010        4.4030 
   8    O1        1.7090        2.7840        3.6190 
   1    H1        1.7320       -0.4320        0.1000 
   1    H2        0.0090       -0.0270        0.0170 
   1    H3        1.2030        1.0320       -0.7530 
   1    H4        5.7810        5.2370        3.8350 
   1    H5        5.5080        5.1270        5.5820 
   1    H6        6.2240        3.7600        4.7130 
   1    H7        2.7510        2.4380        0.7260 
   1    H8        3.2680        0.9870        1.6180 
   1    H9        4.2630        3.8730        2.2540 
   1   H10        4.7520        2.3960        3.1170 
   1   H11        0.8960        0.5320        2.2560 
   1   H12        0.3740        1.9850        1.4100 
   1   H13        3.3690        4.8250        4.3820 
   1   H14        3.8120        3.3550        5.2440 

