Run semi-empirical minimization
 &qmmm
    qm_theory='AM1', grms_tol=0.0005,
 scfconv=1.d-10, ndiis_attempts=700,   qmcharge=0,
 /
   6    C1        0.8180       -0.4390        0.5640 
   6    C2        2.9370       -1.5970        0.6200 
   6    C3        0.7990       -0.4060        1.9590 
   6    C4        2.9180       -1.5650        2.0140 
   6    C5        1.8870       -1.0340       -0.1050 
   6    C6        1.8500       -0.9690        2.6840 
   6    C7        0.7090       -0.3130        4.6640 
   7    N1        1.9050       -1.0660       -1.5150 
   8    O1        1.8320       -0.9370        4.0440 
   1    H1       -0.0060        0.0030        0.0100 
   1    H2        3.7750       -2.0630        0.1080 
   1    H3       -0.0360        0.0600        2.4750 
   1    H4        3.7400       -2.0040        2.5740 
   1    H5       -0.1100       -1.0320        4.7470 
   1    H6        0.3930        0.5470        4.0680 
   1    H7        0.9960        0.0250        5.6630 
   1    H8        1.1740       -0.6120       -2.0230 
   1    H9        2.5940       -1.6210       -1.9810 

