Run semi-empirical minimization
 &qmmm
    qm_theory='AM1', grms_tol=0.0005,
 scfconv=1.d-10, ndiis_attempts=700,   qmcharge=0,
 /
   6    C1        1.8850       -1.0360       -0.1120 
   6    C2        2.8780       -1.6520        2.0020 
   6    C3        0.8070       -0.4630        0.5610 
   6    C4        1.8000       -1.0790        2.6760 
   6    C5        2.9210       -1.6310        0.6080 
   6    C6        0.7640       -0.4840        1.9550 
   7    N1        4.0110       -2.2110       -0.0730 
   7    N2       -0.3340        0.1000        2.6410 
   8    O1       -1.2550        0.6300        1.9740 
   8    O2       -0.3530        0.0700        3.8950 
   1    H1        1.9090       -1.0150       -1.1990 
   1    H2        3.6810       -2.1120        2.5730 
   1    H3        0.0060       -0.0030       -0.0130 
   1    H4        1.7800       -1.1020        3.7630 
   1    H5        4.0080       -2.2310       -1.0730 
   1    H6        4.7240       -2.6750        0.4540 

