Run semi-empirical minimization
 &qmmm
    qm_theory='AM1', grms_tol=0.0005,
 scfconv=1.d-10, ndiis_attempts=700,   qmcharge=0,
 /
   6    C1       -1.8580        0.7400        0.8000 
   6    C2       -1.0040       -0.2570        0.3260 
   6    C3       -3.1490        0.4150        1.2200 
   6    C4       -1.4370       -1.5820        0.2690 
   6    C5       -6.5290       -2.8210        1.9320 
   6    C6       -4.8170       -4.8180        0.9820 
   6    C7       -3.5800       -0.9100        1.1630 
   6    C8       -2.7270       -1.9050        0.6890 
   6    C9       -5.2390       -2.4980        1.5120 
   6   C10       -4.3860       -3.4940        1.0380 
   6   C11       -6.9620       -4.1460        1.8750 
   6   C12       -6.1070       -5.1430        1.4010 
   8    O1       -4.8560       -1.1830        1.5850 
   8    O2       -3.1090       -3.2200        0.6160 
  17   Cl1       -8.5700       -4.4910        2.4080 
  17   Cl2       -6.5900       -6.8010        1.3090 
   1    H1       -1.5180        1.7700        0.8420 
   1    H2       -0.0000       -0.0000       -0.0000 
   1    H3       -3.8080        1.1960        1.5870 
   1    H4       -0.7660       -2.3520       -0.1010 
   1    H5       -7.1870       -2.0380        2.3000 
   1    H6       -4.1430       -5.5870        0.6100 

