Run semi-empirical minimization
 &qmmm
    qm_theory='AM1', grms_tol=0.0005,
 scfconv=1.d-10, ndiis_attempts=700,   qmcharge=0,
 /
   6    C1        1.8850       -1.0380       -0.1090 
   6    C2        0.8180       -0.4410        0.5630 
   6    C3        2.9350       -1.6040        0.6140 
   6    C4        0.8010       -0.4100        1.9570 
   6    C5        2.9180       -1.5730        2.0080 
   6    C6        1.8510       -0.9770        2.6800 
   6    C7        4.0540       -2.1850        2.7600 
   6    C8        1.8110       -0.9320        4.1720 
   9    F1        5.0140       -2.7240        1.9540 
   9    F2        4.7150       -1.3010        3.5620 
   9    F3        3.6530       -3.1980        3.5820 
   9    F4        0.7000       -0.3140        4.6700 
   9    F5        1.8240       -2.1670        4.7550 
   9    F6        2.8740       -0.2630        4.7040 
   1    H1        1.8970       -1.0620       -1.1940 
   1    H2       -0.0000       -0.0010       -0.0010 
   1    H3        3.7610       -2.0670        0.0810 
   1    H4       -0.0350        0.0570        2.4710 

