Run semi-empirical minimization
 &qmmm
    qm_theory='AM1', grms_tol=0.0005,
 scfconv=1.d-10, ndiis_attempts=700,   qmcharge=0,
 /
   6    C1       -6.3830       -4.2600       -5.5710 
   6    C2       -5.3320       -5.0930       -5.4920 
   6    C3       -6.3450       -2.9820       -4.7810 
   6    C4       -4.1550       -3.6350       -3.9390 
   6    C5       -5.1880       -6.4070       -6.2110 
   6    C6       -6.2980       -2.5680       -1.1470 
   6    C7       -5.0450       -0.2790       -4.0480 
   6    C8       -6.2580       -1.3960       -2.1190 
   6    C9       -5.1350       -1.5310       -3.1690 
   7    N1       -4.2640       -4.7630       -4.6990 
   7    N2       -5.2280       -2.7620       -3.9790 
   8    O1       -7.2790       -2.1840       -4.8650 
   8    O2       -3.1310       -3.4690       -3.2780 
  35   Br1       -7.9090       -4.5740       -6.6100 
   1    H1       -4.3000       -6.3880       -6.8540 
   1    H2       -6.0400       -6.6620       -6.8450 
   1    H3       -5.0660       -7.2200       -5.4870 
   1    H4       -5.3340       -2.6940       -0.6440 
   1    H5       -7.0590       -2.3930       -0.3800 
   1    H6       -6.5470       -3.5030       -1.6580 
   1    H7       -5.9740       -0.0830       -4.5910 
   1    H8       -4.8290        0.6040       -3.4370 
   1    H9       -4.2420       -0.3820       -4.7860 
   1   H10       -7.2390       -1.2910       -2.5920 
   1   H11       -6.0960       -0.4760       -1.5430 
   1   H12       -4.1960       -1.5600       -2.6030 
   1   H13       -3.4620       -5.3820       -4.6390 

