Run semi-empirical minimization
 &qmmm
    qm_theory='AM1', grms_tol=0.0005,
 scfconv=1.d-10, ndiis_attempts=700,   qmcharge=0,
 /
   6    C1        0.1830       -0.3460        1.0110 
   6    C2        1.5260       -0.4070        3.0050 
   6    C3       -0.7040       -1.2000        1.6470 
   6    C4        0.5790       -1.2580        3.5520 
   6    C5        1.3170        0.0530        1.7100 
   6    C6        3.3950        0.2160        0.3160 
   6    C7        2.3050        0.9710        1.0730 
   7    N1       -0.5340       -1.6670        2.9040 
   1    H1       -0.0080       -0.0050       -0.0010 
   1    H2        2.4010       -0.1140        3.5760 
   1    H3       -1.6030       -1.5410        1.1450 
   1    H4        0.6960       -1.6440        4.5590 
   1    H5        3.9540       -0.4450        0.9870 
   1    H6        4.1040        0.9140       -0.1410 
   1    H7        2.9650       -0.4010       -0.4810 
   1    H8        1.7970        1.6610        0.3790 
   1    H9        2.7760        1.6160        1.8320 

