Run semi-empirical minimization
 &qmmm
    qm_theory='AM1', grms_tol=0.0005,
 scfconv=1.d-10, ndiis_attempts=700,   qmcharge=0,
 /
   6    C1        1.8790       -1.0380       -0.1130 
   6    C2        4.4330       -3.6140        6.0240 
   6    C3        1.9160       -2.2550        0.5680 
   6    C4        1.8020        0.1590        0.6010 
   6    C5        4.8770       -2.8200        4.9660 
   6    C6        3.0950       -3.5670        6.4170 
   6    C7        1.8770       -2.2750        1.9620 
   6    C8        1.7620        0.1380        1.9950 
   6    C9        3.9840       -1.9800        4.3010 
   6   C10        2.2020       -2.7270        5.7520 
   6   C11        1.8000       -1.0790        2.6760 
   6   C12        2.6460       -1.9330        4.6940 
   8    O1        1.7590       -1.0980        4.0360 
   1    H1        1.9110       -1.0220       -1.1980 
   1    H2        5.1280       -4.2690        6.5410 
   1    H3        1.9760       -3.1860        0.0130 
   1    H4        1.7730        1.1060        0.0700 
   1    H5        5.9190       -2.8560        4.6600 
   1    H6        2.7500       -4.1860        7.2400 
   1    H7        1.9040       -3.2260        2.4870 
   1    H8        1.7010        1.0730        2.5450 
   1    H9        4.3370       -1.3630        3.4790 
   1   H10        1.1610       -2.6930        6.0630 

