Run semi-empirical minimization
 &qmmm
    qm_theory='AM1', grms_tol=0.0005,
 scfconv=1.d-10, ndiis_attempts=700,   qmcharge=0,
 /
   6    C1        0.2410        3.0420       -3.5110 
   6    C2       -2.4030       -0.4390       -0.8450 
   6    C3       -4.2230        2.3630       -0.4030 
   6    C4       -0.2420        2.7580        0.9070 
   6    C5       -0.8530        1.8230       -1.8260 
   6    C6       -1.8770        1.9220       -0.6770 
   8    O1       -0.7390        3.0800       -2.4830 
   8    O2       -1.9820        0.6390       -0.0210 
   8    O3       -3.1390        2.2310       -1.3140 
   8    O4       -1.4990        2.9390        0.2700 
   1    H1        0.9240        2.2080       -3.3320 
   1    H2        0.7940        3.9840       -3.5230 
   1    H3       -0.2580        2.9010       -4.4730 
   1    H4       -2.6420       -0.0630       -1.8430 
   1    H5       -3.2820       -0.9150       -0.4030 
   1    H6       -1.5940       -1.1690       -0.9170 
   1    H7       -3.8950        2.0780        0.6000 
   1    H8       -5.0500        1.7240       -0.7230 
   1    H9       -4.5530        3.4050       -0.3930 
   1   H10        0.5050        3.3970        0.4280 
   1   H11        0.0570        1.7100        0.8330 
   1   H12       -0.3340        3.0350        1.9600 
   1   H13       -1.1420        1.0660       -2.5610 
   1   H14        0.1410        1.5640       -1.4470 

