Run semi-empirical minimization
 &qmmm
    qm_theory='AM1', grms_tol=0.0005,
 scfconv=1.d-10, ndiis_attempts=700,   qmcharge=0,
 /
   6    C1        2.0330       -2.5790        0.1200 
   6    C2        2.2870       -3.2380       -1.2100 
   6    C3        3.5740        4.5330        5.2230 
   6    C4        2.6300       -1.2050        0.3480 
   6    C5        2.9870        3.1480        5.0040 
   6    C6        2.3680       -0.6660        1.7510 
   6    C7        3.2700        2.6360        3.5920 
   6    C8        2.9610        0.7300        1.9630 
   6    C9        2.7080        1.2290        3.3870 
   8    O1        1.3760       -3.1430        0.9960 
   1    H1        1.6370       -4.1110       -1.3160 
   1    H2        3.3280       -3.5600       -1.2730 
   1    H3        2.0580       -2.5380       -2.0180 
   1    H4        3.1440        5.2560        4.5220 
   1    H5        4.6600        4.5260        5.0870 
   1    H6        3.3610        4.8780        6.2400 
   1    H7        2.2260       -0.5200       -0.4070 
   1    H8        3.7080       -1.2750        0.1660 
   1    H9        3.4120        2.4570        5.7420 
   1   H10        1.9050        3.1840        5.1780 
   1   H11        2.8130       -1.3590        2.4760 
   1   H12        1.2920       -0.6430        1.9550 
   1   H13        2.8260        3.3200        2.8580 
   1   H14        4.3520        2.6290        3.4140 
   1   H15        2.5220        1.4350        1.2490 
   1   H16        4.0410        0.7030        1.7710 
   1   H17        3.1700        0.5410        4.1060 
   1   H18        1.6290        1.2310        3.5890 

