Run semi-empirical minimization
 &qmmm
    qm_theory='AM1', grms_tol=0.0005,
 scfconv=1.d-10, ndiis_attempts=700,   qmcharge=0,
 /
   6    C1        0.8320       -0.3950        0.5750 
   6    C2        1.8990       -1.0140       -0.0770 
   6    C3        0.8350       -0.2830        1.9660 
   6    C4        2.9710       -1.4090        2.0520 
   6    C5        2.9680       -1.5200        0.6620 
   6    C6        1.9040       -0.7900        2.7040 
   6    C7        0.7850       -0.0360        4.6620 
   7    N1        4.0480       -2.1450        0.0030 
   8    O1        1.9070       -0.6800        4.0610 
   1    H1       -0.0000       -0.0010        0.0000 
   1    H2        1.8870       -1.0960       -1.1610 
   1    H3        0.0010        0.2000        2.4680 
   1    H4        3.8020       -1.8020        2.6320 
   1    H5       -0.0010       -0.7710        4.8490 
   1    H6        0.4150        0.7490        3.9980 
   1    H7        1.0970        0.4090        5.6100 
   1    H8        3.8610       -2.7660       -0.7580 
   1    H9        4.9720       -2.0310        0.3660 

