Run semi-empirical minimization
 &qmmm
    qm_theory='AM1', grms_tol=0.0005,
 scfconv=1.d-10, ndiis_attempts=700,   qmcharge=0,
 /
   6    C1        3.4830       -4.9770        4.1200 
   6    C2        4.0750       -3.9480        3.3880 
   6    C3        2.3230       -4.7320        4.8550 
   6    C4       -1.8930       -0.6240        5.0130 
   6    C5        3.5070       -2.6740        3.3910 
   6    C6        1.7550       -3.4580        4.8580 
   6    C7       -0.7350       -0.9250        4.2960 
   6    C8       -1.8020       -0.1760        6.3300 
   6    C9        0.6070       -0.3300        6.2150 
   6   C10        2.3470       -2.4290        4.1260 
   6   C11        0.5150       -0.7780        4.8970 
   6   C12       -0.5520       -0.0290        6.9320 
   6   C13        1.7550       -1.1000        4.1290 
   6   C14        0.1690       -0.5940        9.2750 
   6   C15        0.3120        1.7800        8.4920 
   6   C16       -0.4530        0.4500        8.3410 
   8    O1        2.2770       -0.1820        3.4800 
   8    O2        0.5700       -1.6930        8.9150 
   8    O3        0.2300       -0.1820       10.5690 
   1    H1        3.9250       -5.9680        4.1180 
   1    H2        4.9770       -4.1380        2.8140 
   1    H3        1.8630       -5.5330        5.4260 
   1    H4       -2.8670       -0.7390        4.5440 
   1    H5        3.9770       -1.8790        2.8160 
   1    H6        0.8520       -3.2790        5.4350 
   1    H7       -0.8190       -1.2720        3.2690 
   1    H8       -2.7090        0.0570        6.8810 
   1    H9        1.5800       -0.2150        6.6860 
   1   H10        1.3440        1.6950        8.1320 
   1   H11       -0.1830        2.5760        7.9260 
   1   H12        0.3690        2.1010        9.5380 
   1   H13       -1.4750        0.6310        8.7270 
   1   H14        0.6170       -0.8280       11.1980 

