Run semi-empirical minimization
 &qmmm
    qm_theory='AM1', grms_tol=0.0005,
 scfconv=1.d-10, ndiis_attempts=700,   qmcharge=0,
 /
   6    C1       -0.6480       -0.7410       -1.1460 
   6    C2        0.3450        0.1580       -1.1480 
   6    C3       -2.3770       -0.4370        3.4030 
   6    C4        0.9300        0.5240       -2.4400 
   6    C5       -1.4460       -0.9720        2.5990 
   6    C6       -1.3330       -1.1890        0.1150 
   6    C7        0.9030        0.7890        0.0920 
   6    C8        0.4770        0.0560        1.3690 
   6    C9       -1.0150       -0.3010        1.3310 
   6   C10       -0.7770       -2.2760        2.9170 
   8    O1        1.8410        1.3370       -2.5450 
   1    H1       -0.9990       -1.1870       -2.0730 
   1    H2       -2.6820       -0.9310        4.3190 
   1    H3       -2.8550        0.5070        3.1630 
   1    H4        0.4900        0.0160       -3.3140 
   1    H5       -2.4170       -1.1930       -0.0540 
   1    H6       -1.0400       -2.2300        0.3070 
   1    H7        1.9980        0.8100        0.0480 
   1    H8        0.5620        1.8300        0.1390 
   1    H9        1.0760       -0.8580        1.4800 
   1   H10        0.7040        0.6880        2.2370 
   1   H11       -1.5910        0.6290        1.2420 
   1   H12       -1.3410       -3.1080        2.4830 
   1   H13        0.2380       -2.2920        2.5070 
   1   H14       -0.7040       -2.4490        3.9960 

