Run semi-empirical minimization
 &qmmm
    qm_theory='AM1', grms_tol=0.0005,
 scfconv=1.d-10, ndiis_attempts=700,   qmcharge=0,
 /
   6    C1        1.3670        0.0950        0.5560 
   6    C2        2.3700       -2.0950        0.6090 
   6    C3        1.4200        0.1530        1.9520 
   6    C4        2.4220       -2.0380        2.0050 
   6    C5        1.8300       -1.0350       -0.1260 
   6    C6        1.9460       -0.9140        2.6950 
   6    C7        1.8050       -1.0820       -1.6230 
   6    C8        3.4320       -0.8630        4.7300 
   6    C9        1.1490       -1.9250        4.8620 
   6   C10        1.9930       -0.8270        4.2090 
   1    H1        0.9610        0.9410        0.0070 
   1    H2        2.7530       -2.9770        0.1010 
   1    H3        1.0480        1.0430        2.4530 
   1    H4        2.8430       -2.8810        2.5460 
   1    H5        1.6930       -2.1120       -1.9800 
   1    H6        0.9600       -0.5090       -2.0180 
   1    H7        2.7340       -0.6670       -2.0270 
   1    H8        3.9220       -1.8190        4.5150 
   1    H9        3.4520       -0.7160        5.8150 
   1   H10        4.0340       -0.0690        4.2730 
   1   H11        0.1160       -1.8930        4.4990 
   1   H12        1.1260       -1.7960        5.9500 
   1   H13        1.5460       -2.9250        4.6550 
   1   H14        1.5630        0.1350        4.5180 

