Run semi-empirical minimization
 &qmmm
    qm_theory='AM1', grms_tol=0.0005,
 scfconv=1.d-10, ndiis_attempts=700,   qmcharge=0,
 /
   6    C1        0.0000        0.0000        0.0000 
   6    C2        4.2930        0.8370        3.4120 
   6    C3        3.5800        2.9880       -0.3630 
   6    C4        1.5150        0.0000        0.0000 
   6    C5        3.6960        1.6850        2.3070 
   6    C6        3.3320        1.5210       -0.0660 
   8    O1        1.9580        1.3350        0.0000 
   8    O2        3.9790        1.0580        1.0780 
   1    H1       -0.3760       -1.0190       -0.0040 
   1    H2       -0.3820        0.5030        0.8820 
   1    H3       -0.3830        0.5120       -0.8760 
   1    H4        3.8540       -0.1540        3.4150 
   1    H5        4.1110        1.2980        4.3790 
   1    H6        5.3640        0.7330        3.2760 
   1    H7        3.0850        3.6250        0.3600 
   1    H8        3.1850        3.2270       -1.3440 
   1    H9        4.6450        3.1960       -0.3530 
   1   H10        1.8970       -0.5090       -0.8850 
   1   H11        1.9000       -0.5210        0.8710 
   1   H12        2.6230        1.7840        2.4370 
   1   H13        4.1300        2.6810        2.3260 
   1   H14        3.7450        0.9070       -0.8610 

