Run semi-empirical minimization
 &qmmm
    qm_theory='AM1', grms_tol=0.0005,
 scfconv=1.d-10, ndiis_attempts=700,   qmcharge=0,
 /
   6    C1       -0.5830       -0.6710       -1.2600 
   6    C2        0.5220        0.0960       -1.2540 
   6    C3       -2.3020       -0.3050        3.2910 
   6    C4       -1.4430       -0.9300        2.4730 
   6    C5       -1.3260       -1.0780       -0.0210 
   6    C6        0.6110       -0.1310        1.2810 
   6    C7        1.1470        0.5830        0.0320 
   6    C8       -0.9170       -0.2800        1.2280 
   6    C9        1.2100        0.4880       -2.5300 
   6   C10       -0.9530       -2.3210        2.7500 
   8    O1        0.8990        1.9810        0.1750 
   1    H1       -0.9900       -1.0240       -2.2040 
   1    H2       -2.6760       -0.7840        4.1890 
   1    H3       -2.6510        0.7010        3.0820 
   1    H4       -2.4010       -0.9440       -0.1950 
   1    H5       -1.1630       -2.1530        0.1340 
   1    H6        1.0730       -1.1240        1.3570 
   1    H7        0.8980        0.4290        2.1800 
   1    H8        2.2330        0.4420       -0.0040 
   1    H9       -1.3650        0.7210        1.1690 
   1   H10        0.7920        1.4240       -2.8930 
   1   H11        1.0640       -0.2910       -3.2750 
   1   H12        2.2750        0.6100       -2.3440 
   1   H13       -1.6180       -3.0570        2.2860 
   1   H14        0.0540       -2.4560        2.3440 
   1   H15       -0.9120       -2.5380        3.8230 
   1   H16        1.3150        2.2500        1.0080 

