Run semi-empirical minimization
 &qmmm
    qm_theory='AM1', grms_tol=0.0005,
 scfconv=1.d-10, ndiis_attempts=700,   qmcharge=0,
 /
   6    C1        1.8850       -1.0380       -0.1090 
   6    C2        0.8180       -0.4410        0.5630 
   6    C3        2.9350       -1.6040        0.6140 
   6    C4        0.8010       -0.4100        1.9570 
   6    C5        2.9180       -1.5730        2.0080 
   6    C6        1.8510       -0.9770        2.6800 
   6    C7        1.8190        0.4350        5.9950 
   6    C8        1.1680        0.1520        4.6580 
   8    O1        1.8340       -0.9480        4.0400 
   1    H1        1.8990       -1.0600       -1.1950 
   1    H2       -0.0000       -0.0010       -0.0000 
   1    H3        3.7660       -2.0680        0.0900 
   1    H4       -0.0340        0.0550        2.4750 
   1    H5        3.7390       -2.0170        2.5660 
   1    H6        1.3310        1.2760        6.4970 
   1    H7        1.7640       -0.4450        6.6450 
   1    H8        2.8810        0.6690        5.8660 
   1    H9        1.2440        1.0240        4.0020 
   1   H10        0.1130       -0.1040        4.7920 

