Run semi-empirical minimization
 &qmmm
    qm_theory='AM1', grms_tol=0.0005,
 scfconv=1.d-10, ndiis_attempts=700,   qmcharge=0,
 /
   6    C1        1.8910       -1.3160        2.1960 
   6    C2        1.0490       -1.5220        1.1710 
   6    C3        2.6870       -0.0680        2.2940 
   6    C4        0.8860       -0.5350        0.0400 
   6    C5        2.4730        1.0100        1.2540 
   6    C6        2.0780        0.4380       -0.1190 
   6    C7        0.1980       -2.7570        1.0930 
   6    C8        3.2820       -0.2830       -0.7620 
   6    C9        1.6640        1.5930       -1.0480 
   8    O1        3.4510        0.0840        3.2450 
   1    H1        2.0190       -2.0220        3.0090 
   1    H2        0.7420       -1.0790       -0.9030 
   1    H3       -0.0400        0.0270        0.2210 
   1    H4        1.6920        1.6780        1.6380 
   1    H5        3.3980        1.5920        1.1680 
   1    H6       -0.8620       -2.4850        1.0600 
   1    H7        0.3460       -3.4150        1.9550 
   1    H8        0.4390       -3.3290        0.1910 
   1    H9        4.1270        0.4030       -0.8910 
   1   H10        3.6330       -1.1270       -0.1600 
   1   H11        3.0210       -0.6750       -1.7520 
   1   H12        2.4870        2.3030       -1.1890 
   1   H13        1.3710        1.2200       -2.0360 
   1   H14        0.8140        2.1490       -0.6370 

