Run semi-empirical minimization
 &qmmm
    qm_theory='AM1', grms_tol=0.0005,
 scfconv=1.d-10, ndiis_attempts=700,   qmcharge=0,
 /
   6    C1       -3.1320       -1.4300       -6.1120 
   6    C2       -3.4810        0.9620       -5.8670 
   6    C3       -2.1970       -1.4000       -5.0710 
   6    C4       -2.5470        0.9800       -4.8280 
   6    C5       -3.7720       -0.2480       -6.5070 
   6    C6       -1.9090       -0.1980       -4.4260 
   6    C7        1.5850        1.3180       -0.3370 
   6    C8        2.5000       -3.1630       -4.5820 
   6    C9        0.4090        0.4610       -0.7590 
   6   C10        1.6210       -2.8740       -3.3830 
   7    N1       -4.7500       -0.2780       -7.6010 
   8    O1       -4.9780       -1.3700       -8.1420 
   8    O2       -5.2880        0.7910       -7.9220 
   8    O3       -1.0140       -0.0600       -3.4040 
   8    O4        0.8440       -0.4330       -1.7700 
   8    O5        0.6410       -1.9230       -3.7630 
  15    P1       -0.2760       -1.2560       -2.6050 
  16    S1       -1.3900       -2.4610       -1.5690 
   1    H1       -3.3450       -2.3790       -6.6020 
   1    H2       -3.9660        1.8910       -6.1610 
   1    H3       -1.7120       -2.3320       -4.7950 
   1    H4       -2.3170        1.9190       -4.3290 
   1    H5        2.4040        0.6930        0.0350 
   1    H6        1.9770        1.8810       -1.1900 
   1    H7        1.2940        2.0220        0.4470 
   1    H8        1.9020       -3.5430       -5.4170 
   1    H9        2.9890       -2.2470       -4.9320 
   1   H10        3.2690       -3.9000       -4.3350 
   1   H11       -0.3980        1.0950       -1.1380 
   1   H12        0.0400       -0.1120        0.0970 
   1   H13        2.2280       -2.4830       -2.5610 
   1   H14        1.1270       -3.7930       -3.0540 

