Run semi-empirical minimization
 &qmmm
    qm_theory='AM1', grms_tol=0.0005,
 scfconv=1.d-10, ndiis_attempts=700,   qmcharge=0,
 /
   6    C1        5.8330       -0.4960        0.1920 
   6    C2        0.9670       -0.4610        0.1850 
   6    C3        4.6690        0.2400       -0.1040 
   6    C4        2.1420        0.2580       -0.1080 
   6    C5        5.7580       -1.7960        0.7190 
   6    C6        1.0220       -1.7620        0.7130 
   6    C7        3.4010       -0.3260        0.1270 
   6    C8        3.3910       -1.6200        0.6510 
   6    C9        4.5110       -2.3520        0.9460 
   6   C10        2.2600       -2.3360        0.9430 
   6   C11        4.1520       -3.7010        1.4930 
   6   C12        2.5990       -3.6900        1.4920 
   1    H1        6.8080       -0.0490        0.0090 
   1    H2       -0.0000       -0.0000       -0.0000 
   1    H3        4.7600        1.2440       -0.5110 
   1    H4        2.0680        1.2630       -0.5150 
   1    H5        6.6650       -2.3490        0.9420 
   1    H6        0.1060       -2.3020        0.9330 
   1    H7        4.5350       -4.5010        0.8510 
   1    H8        4.5380       -3.8320        2.5090 
   1    H9        2.2080       -3.8120        2.5080 
   1   H10        2.2050       -4.4860        0.8520 

