Run semi-empirical minimization
 &qmmm
    qm_theory='AM1', grms_tol=0.0005,
 scfconv=1.d-10, ndiis_attempts=700,   qmcharge=0,
 /
   6    C1       -6.1760        0.8030        0.1260 
   6    C2       -6.1870        1.7610       -1.0530 
   6    C3       -5.2920       -0.4070       -0.1310 
   7    N1       -7.0990        3.8350       -1.7790 
   7    N2       -4.4950       -2.4230        0.8500 
   8    O1       -6.4310        3.5310       -2.7680 
   8    O2       -3.9360       -2.4750       -0.2460 
   8    O3       -7.8030        4.8290       -1.5820 
   8    O4       -4.4500       -3.2170        1.7930 
   8    O5       -7.0180        2.8700       -0.7370 
   8    O6       -5.3010       -1.2610        1.0050 
   1    H1       -5.8440        1.3250        1.0330 
   1    H2       -7.2000        0.4800        0.3550 
   1    H3       -5.1780        2.1320       -1.2640 
   1    H4       -6.5820        1.2740       -1.9490 
   1    H5       -4.2570       -0.1020       -0.3140 
   1    H6       -5.6400       -0.9790       -0.9970 

