Run semi-empirical minimization
 &qmmm
    qm_theory='AM1', grms_tol=0.0005,
 scfconv=1.d-10, ndiis_attempts=700,   qmcharge=0,
 /
   6    C1       -0.3630        0.7820       -0.7780 
   6    C2       -0.7530       -2.7860       -4.3250 
   6    C3        0.1200        0.3160       -2.1430 
   6    C4       -0.5210       -1.0170       -2.5370 
   6    C5       -0.0770       -1.4810       -3.9280 
   8    O1       -0.3950       -0.4880       -4.9000 
   1    H1        0.1060        1.7350       -0.5150 
   1    H2       -0.1100        0.0530       -0.0020 
   1    H3       -1.4480        0.9260       -0.7740 
   1    H4       -1.8420       -2.6710       -4.3580 
   1    H5       -0.4380       -3.0890       -5.3290 
   1    H6       -0.5060       -3.5900       -3.6240 
   1    H7       -0.1180        1.0850       -2.8860 
   1    H8        1.2110        0.2120       -2.1200 
   1    H9       -0.2590       -1.7820       -1.7950 
   1   H10       -1.6120       -0.9000       -2.5180 
   1   H11        1.0100       -1.6200       -3.9460 
   1   H12        0.1420       -0.6860       -5.6830 

