Run semi-empirical minimization
 &qmmm
    qm_theory='AM1', grms_tol=0.0005,
 scfconv=1.d-10, ndiis_attempts=700,   qmcharge=0,
 /
   6    C1        0.6210       -0.4100       -0.7910 
   6    C2       -0.8310       -3.7980       -1.2030 
   6    C3        0.4220       -1.6580       -1.2550 
   6    C4       -0.6320       -2.5510       -0.7390 
   6    C5        1.3220       -2.1640       -2.3570 
   6    C6       -1.5340       -2.0440        0.3610 
   1    H1        1.3950        0.2470       -1.1700 
   1    H2        0.0000        0.0000        0.0000 
   1    H3       -1.6190       -4.4280       -0.7990 
   1    H4       -0.2320       -4.2420       -1.9900 
   1    H5        2.0670       -1.4180       -2.6590 
   1    H6        0.7400       -2.4120       -3.2510 
   1    H7        1.8750       -3.0520       -2.0310 
   1    H8       -2.0880       -1.1580        0.0330 
   1    H9       -2.2780       -2.7900        0.6640 
   1   H10       -0.9530       -1.7930        1.2550 

