Run semi-empirical minimization
 &qmmm
    qm_theory='AM1', grms_tol=0.0005,
 scfconv=1.d-10, ndiis_attempts=700,   qmcharge=0,
 /
   6    C1        2.3660       -1.3020       -0.3360 
   6    C2        3.2850       -1.9550        0.4850 
   6    C3        1.3230       -0.5690        0.2300 
   6    C4        3.1600       -1.8760        1.8730 
   6    C5        1.1970       -0.4900        1.6170 
   6    C6        2.1160       -1.1440        2.4380 
   6    C7       -1.0530       -0.5950        2.7170 
   6    C8        0.0740        0.2970        2.2040 
   8    O1        2.0070       -1.0780        3.7950 
   1    H1        2.4630       -1.3630       -1.4160 
   1    H2        4.0970       -2.5260        0.0450 
   1    H3        0.6110       -0.0650       -0.4190 
   1    H4        3.8780       -2.3870        2.5070 
   1    H5       -1.4410       -1.2360        1.9180 
   1    H6       -1.8820        0.0100        3.0980 
   1    H7       -0.7040       -1.2420        3.5280 
   1    H8        0.4390        0.9270        3.0300 
   1    H9       -0.3320        0.9990        1.4590 
   1   H10        2.7210       -1.5850        4.2130 

