Run semi-empirical minimization
 &qmmm
    qm_theory='AM1', grms_tol=0.0005,
 scfconv=1.d-10, ndiis_attempts=700,   qmcharge=0,
 /
   6    C1        0.3030        1.1400       -1.7830 
   6    C2        0.3780        1.0130       -0.2830 
   6    C3        1.9180       -0.5870       -4.8560 
   6    C4        1.1480        0.1610       -2.5790 
   6    C5        1.0380        0.3830       -4.0850 
   8    O1       -0.4070        1.9930       -2.3120 
   1    H1        1.4060        1.1780        0.0480 
   1    H2        0.0390        0.0190        0.0180 
   1    H3       -0.2680        1.7630        0.1840 
   1    H4        1.6280       -1.6230       -4.6560 
   1    H5        2.9700       -0.4650       -4.5820 
   1    H6        1.8240       -0.4100       -5.9320 
   1    H7        0.8160       -0.8530       -2.3260 
   1    H8        2.1890        0.2770       -2.2590 
   1    H9       -0.0030        0.2620       -4.4060 
   1   H10        1.3280        1.4110       -4.3330 

