Run semi-empirical minimization
 &qmmm
    qm_theory='AM1', grms_tol=0.0005,
 scfconv=1.d-10, ndiis_attempts=700,   qmcharge=0,
 /
   6    C1        1.1230       -0.0650       -0.2430 
   6    C2        1.6710        1.3410       -0.4290 
   6    C3        0.9810        2.0630       -1.5870 
   6    C4        1.5590        3.4660       -1.7890 
   6    C5        0.8550        4.2620       -2.8920 
   6    C6        1.4520        5.6520       -3.1080 
   7    N1        0.7360        6.3470       -4.1730 
   1    H1        1.6290       -0.5610        0.5900 
   1    H2        0.0510       -0.0420       -0.0250 
   1    H3        1.2780       -0.6680       -1.1430 
   1    H4        1.5320        1.9070        0.4990 
   1    H5        2.7500        1.2850       -0.6160 
   1    H6       -0.0950        2.1350       -1.3860 
   1    H7        1.1020        1.4710       -2.5010 
   1    H8        2.6310        3.3960       -2.0130 
   1    H9        1.4690        4.0280       -0.8510 
   1   H10       -0.2030        4.3630       -2.6140 
   1   H11        0.8810        3.6920       -3.8290 
   1   H12        1.3810        6.2410       -2.1880 
   1   H13        2.5090        5.5830       -3.3820 
   1   H14       -0.2350        6.0450       -4.1720 
   1   H15        1.1250        6.0670       -5.0710 

