Run semi-empirical minimization
 &qmmm
    qm_theory='AM1', grms_tol=0.0005,
 scfconv=1.d-10, ndiis_attempts=700,   qmcharge=0,
 /
   6    C1        0.1830       -0.3460        1.0110 
   6    C2        1.5260       -0.4070        3.0050 
   6    C3       -0.7040       -1.2000        1.6470 
   6    C4        1.3170        0.0530        1.7100 
   6    C5        0.5790       -1.2580        3.5520 
   6    C6        2.3040        0.9710        1.0720 
   6    C7        0.7710       -1.7700        4.9400 
   7    N1       -0.5340       -1.6670        2.9040 
   1    H1       -0.0080       -0.0050       -0.0010 
   1    H2        2.4040       -0.1080        3.5690 
   1    H3       -1.6030       -1.5400        1.1450 
   1    H4        3.3260        0.6050        1.2330 
   1    H5        2.1310        1.0550       -0.0090 
   1    H6        2.2300        1.9860        1.4850 
   1    H7        1.5740       -1.2180        5.4430 
   1    H8       -0.1470       -1.6670        5.5330 
   1    H9        1.0300       -2.8370        4.9380 

