Run semi-empirical minimization
 &qmmm
    qm_theory='AM1', grms_tol=0.0005,
 scfconv=1.d-10, ndiis_attempts=700,   qmcharge=0,
 /
   6    C1        1.5000        0.0000        0.0000 
   6    C2        3.0800       -0.0740       -2.9300 
   6    C3        0.0000        0.0000        0.0000 
   6    C4        3.4590       -1.4090       -3.5020 
   6    C5        3.3850        1.4490       -0.0740 
   6    C6        3.8650        1.6530       -1.4970 
   8    O1        2.1850       -0.9750       -0.0080 
   8    O2        2.0370        0.4740       -3.1050 
   8    O3        1.9840        1.2370        0.0000 
   8    O4        4.0580        0.4280       -2.1850 
   1    H1       -0.3410        0.3740       -0.9590 
   1    H2       -0.3760        0.6590        0.7720 
   1    H3       -0.3610       -1.0060        0.1510 
   1    H4        4.4350       -1.3550       -3.9690 
   1    H5        3.5140       -2.1250       -2.6890 
   1    H6        2.7120       -1.7210       -4.2160 
   1    H7        3.9120        0.6310        0.3960 
   1    H8        3.5580        2.3610        0.4820 
   1    H9        3.1830        2.2860       -2.0460 
   1   H10        4.8440        2.1140       -1.4660 

