Run semi-empirical minimization
 &qmmm
    qm_theory='AM1', grms_tol=0.0005,
 scfconv=1.d-10, ndiis_attempts=700,   qmcharge=0,
 /
   6    C1       -1.4380       -3.4940       -1.9890 
   6    C2       -0.2940       -2.8050       -1.9010 
   6    C3        1.3300       -1.1850        1.8660 
   6    C4        0.7350       -1.7880        2.9120 
   6    C5        1.0880       -1.2560       -3.7880 
   6    C6        0.8440       -1.3390        4.3420 
   6    C7       -0.1070       -3.0190        2.7070 
   6    C8        2.3970       -0.8320       -4.3820 
   6    C9       -1.2400       -0.4710       -2.4130 
   6   C10        1.2590       -1.5830        0.4170 
   6   C11        0.0760       -0.9050       -0.2820 
   6   C12       -0.1290       -1.3050       -1.7630 
   8    O1        0.1880       -1.7890       -4.4230 
   8    O2        1.0770       -0.9510       -2.4620 
   1    H1       -1.4630       -4.5720       -2.0860 
   1    H2       -2.3900       -2.9730       -1.9620 
   1    H3        0.6300       -3.3810       -1.9330 
   1    H4        1.9540       -0.3130        2.0600 
   1    H5        0.0450       -0.6270        4.5750 
   1    H6        1.8060       -0.8420        4.5080 
   1    H7        0.7570       -2.1550        5.0620 
   1    H8        0.5130       -3.9180        2.7880 
   1    H9       -0.9110       -3.1030        3.4460 
   1   H10       -0.5680       -3.0020        1.7140 
   1   H11        2.3250        0.1970       -4.7440 
   1   H12        2.6710       -1.5080       -5.1960 
   1   H13        3.1750       -0.8780       -3.6150 
   1   H14       -1.0500        0.6000       -2.2710 
   1   H15       -1.3370       -0.6600       -3.4860 
   1   H16       -2.2080       -0.6700       -1.9390 
   1   H17        2.2010       -1.2800       -0.0540 
   1   H18        1.2070       -2.6700        0.3070 
   1   H19        0.1920        0.1870       -0.2220 
   1   H20       -0.8470       -1.1170        0.2770 

