Run semi-empirical minimization
 &qmmm
    qm_theory='AM1', grms_tol=0.0005,
 scfconv=1.d-10, ndiis_attempts=700,   qmcharge=0,
 /
   6    C1        0.6450       -0.7070        0.1070 
   6    C2        0.1470       -2.0970       -0.2570 
   6    C3       -0.2980       -2.1670       -1.7190 
   6    C4       -0.8290       -3.5590       -2.0700 
   6    C5       -1.3010       -3.6830       -3.5210 
   6    C6       -1.7630       -5.0940       -3.8930 
   6    C7       -2.2540       -5.1490       -5.3400 
   7    N1       -2.6810       -6.5010       -5.6790 
   1    H1        1.5040       -0.4240       -0.5110 
   1    H2       -0.1410        0.0410       -0.0340 
   1    H3        0.9570       -0.6790        1.1550 
   1    H4        0.9460       -2.8240       -0.0750 
   1    H5       -0.6900       -2.3620        0.4000 
   1    H6        0.5470       -1.9200       -2.3720 
   1    H7       -1.0750       -1.4140       -1.8930 
   1    H8       -0.0340       -4.2970       -1.9050 
   1    H9       -1.6500       -3.8240       -1.3920 
   1   H10       -2.1110       -2.9670       -3.7070 
   1   H11       -0.4690       -3.3950       -4.1760 
   1   H12       -0.9330       -5.7990       -3.7550 
   1   H13       -2.5720       -5.4110       -3.2250 
   1   H14       -3.0970       -4.4630       -5.4770 
   1   H15       -1.4560       -4.8380       -6.0230 
   1   H16       -3.2060       -6.8890       -4.8990 
   1   H17       -1.8600       -7.0890       -5.7960 

