Run semi-empirical minimization
 &qmmm
    qm_theory='AM1', grms_tol=0.0005,
 scfconv=1.d-10, ndiis_attempts=700,   qmcharge=0,
 /
   6    C1        1.0800        2.1730       -6.8040 
   6    C2       -0.1640       -0.2890       -1.0440 
   6    C3        0.5540        1.1250       -5.8510 
   6    C4        0.4170        0.7620       -1.9770 
   6    C5        0.7710        1.4610       -4.3780 
   6    C6        0.1590        0.4130       -3.4430 
   8    O1        1.6920        3.1810       -6.4700 
   1    H1        0.8560        1.9850       -7.8690 
   1    H2        0.0290       -0.0180       -0.0010 
   1    H3        0.2860       -1.2690       -1.2290 
   1    H4       -1.2470       -0.3770       -1.1770 
   1    H5        1.0230        0.1690       -6.1050 
   1    H6       -0.5200        1.0340       -6.0500 
   1    H7        1.4950        0.8450       -1.7980 
   1    H8       -0.0280        1.7360       -1.7420 
   1    H9        1.8410        1.5700       -4.1670 
   1   H10        0.3040        2.4320       -4.1720 
   1   H11       -0.9210        0.3510       -3.6200 
   1   H12        0.5780       -0.5770       -3.6600 

