Run semi-empirical minimization
 &qmmm
    qm_theory='AM1', grms_tol=0.0005,
 scfconv=1.d-10, ndiis_attempts=700,   qmcharge=0,
 /
   6    C1       -1.3330        0.3160       -5.9140 
   6    C2       -2.2640        0.1680       -6.9190 
   6    C3       -1.7530       -0.0380       -4.6550 
   6    C4       -3.8220       -0.6120       -5.4130 
   6    C5       -1.9150        0.5230       -8.3330 
   6    C6       -3.7950        1.9990       -0.2590 
   6    C7        2.3050        0.8870       -0.9920 
   6    C8       -5.9390       -0.2610       -4.1200 
   6    C9       -5.1680       -2.5910       -4.6910 
   6   C10       -2.9050        0.7830       -0.4160 
   6   C11        1.3020       -0.1320       -1.4920 
   6   C12       -5.2150       -1.1330       -5.1460 
   7    N1       -3.5090       -0.2930       -6.6840 
   7    N2       -2.9750       -0.5010       -4.3760 
   8    O1       -0.8560        0.1030       -3.6310 
   8    O2       -2.4180        0.7510       -1.7450 
   8    O3       -0.0020        0.3940       -1.3100 
  15    P1       -1.2380       -0.2970       -2.1130 
  16    S1       -1.5120       -2.1750       -1.6850 
   1    H1       -0.3350        0.6880       -6.0980 
   1    H2       -1.0750       -0.0860       -8.6800 
   1    H3       -2.7640        0.3440       -9.0010 
   1    H4       -1.6450        1.5810       -8.4010 
   1    H5       -3.2360        2.9160       -0.4720 
   1    H6       -4.6280        1.9610       -0.9680 
   1    H7       -4.1970        2.0590        0.7560 
   1    H8        2.2060        1.8270       -1.5440 
   1    H9        2.1290        1.1170        0.0640 
   1   H10        3.3280        0.5160       -1.1070 
   1   H11       -5.4410       -0.2820       -3.1440 
   1   H12       -6.9690       -0.6060       -3.9780 
   1   H13       -5.9770        0.7830       -4.4520 
   1   H14       -4.6350       -2.7030       -3.7410 
   1   H15       -4.6590       -3.2170       -5.4330 
   1   H16       -6.1810       -2.9870       -4.5560 
   1   H17       -3.4820       -0.1250       -0.2190 
   1   H18       -2.0700        0.8360        0.2900 
   1   H19        1.3990       -1.0600       -0.9200 
   1   H20        1.4820       -0.3460       -2.5500 
   1   H21       -5.7840       -1.0900       -6.0840 

