Run semi-empirical minimization
 &qmmm
    qm_theory='AM1', grms_tol=0.0005,
 scfconv=1.d-10, ndiis_attempts=700,   qmcharge=0,
 /
   6    C1        3.9380       -4.1330        1.7330 
   6    C2        1.0280       -0.2940        0.2370 
   6    C3        2.5430       -3.6680        1.3870 
   6    C4        1.0770       -1.7590        0.6390 
   6    C5        2.4920       -2.1880        1.0220 
   8    O1        4.9390       -3.4260        1.6980 
   1    H1        4.0120       -5.1920        2.0360 
   1    H2        0.0060       -0.0090       -0.0340 
   1    H3        1.6740       -0.1020       -0.6250 
   1    H4        1.3530        0.3500        1.0610 
   1    H5        2.1910       -4.2810        0.5500 
   1    H6        1.9040       -3.8720        2.2520 
   1    H7        0.7140       -2.3730       -0.1940 
   1    H8        0.3960       -1.9240        1.4830 
   1    H9        2.8440       -1.5870        1.8690 
   1   H10        3.1770       -1.9890        0.1890 

