Run semi-empirical minimization
 &qmmm
    qm_theory='AM1', grms_tol=0.0005,
 scfconv=1.d-10, ndiis_attempts=700,   qmcharge=0,
 /
   6    C1       -0.9220        0.2620       -0.5380 
   6    C2       -3.6080       -2.8790       -1.7940 
   6    C3       -2.1230       -3.2080       -1.6770 
   6    C4       -3.8300       -1.4770       -2.3550 
   6    C5       -1.3750       -2.1560       -0.8630 
   6    C6       -3.0860       -0.4210       -1.5420 
   6    C7       -1.5960       -0.7480       -1.4190 
   6    C8        0.5160        0.5780       -0.8480 
   8    O1       -1.5150        0.8020        0.3940 
   1    H1       -4.1010       -3.6160       -2.4380 
   1    H2       -4.0770       -2.9540       -0.8050 
   1    H3       -1.9990       -4.1920       -1.2120 
   1    H4       -1.6840       -3.2710       -2.6810 
   1    H5       -3.4870       -1.4430       -3.3960 
   1    H6       -4.9020       -1.2480       -2.3630 
   1    H7       -1.7070       -2.2020        0.1830 
   1    H8       -0.3040       -2.3920       -0.8560 
   1    H9       -3.2170        0.5620       -2.0100 
   1   H10       -3.5360       -0.3480       -0.5430 
   1   H11       -1.1250       -0.6700       -2.4070 
   1   H12        1.1180       -0.3290       -0.7590 
   1   H13        0.5920        0.9830       -1.8610 
   1   H14        0.8910        1.3230       -0.1410 

