Run semi-empirical minimization
 &qmmm
    qm_theory='AM1', grms_tol=0.0005,
 scfconv=1.d-10, ndiis_attempts=700,   qmcharge=0,
 /
   6    C1       -0.7260       -0.7470       -0.3390 
   6    C2       -3.1250       -2.6790       -5.9030 
   6    C3       -0.8330       -0.7250       -1.8560 
   6    C4       -3.0190       -2.7000       -4.3860 
   6    C5       -1.8740       -1.7250       -2.3580 
   6    C6       -1.9540       -1.7250       -3.8850 
   1    H1       -1.6820       -0.4860        0.1250 
   1    H2        0.0240       -0.0240       -0.0020 
   1    H3       -0.4280       -1.7370        0.0190 
   1    H4       -3.3970       -1.6810       -6.2630 
   1    H5       -2.1760       -2.9650       -6.3670 
   1    H6       -3.8930       -3.3820       -6.2390 
   1    H7        0.1470       -0.9590       -2.2880 
   1    H8       -1.0990        0.2860       -2.1830 
   1    H9       -2.7760       -3.7180       -4.0580 
   1   H10       -3.9930       -2.4430       -3.9540 
   1   H11       -2.8560       -1.4750       -1.9380 
   1   H12       -1.6180       -2.7310       -2.0040 
   1   H13       -0.9780       -1.9990       -4.3050 
   1   H14       -2.1860       -0.7140       -4.2410 

