Run semi-empirical minimization
 &qmmm
    qm_theory='AM1', grms_tol=0.0005,
 scfconv=1.d-10, ndiis_attempts=700,   qmcharge=0,
 /
   6    C1       -0.5710       -2.0560        0.2750 
   6    C2        0.3370       -1.0320        0.0230 
   6    C3       -0.1390       -3.3820        0.3040 
   6    C4        1.6820       -1.3310       -0.2010 
   6    C5        1.6630       -5.0300        0.1060 
   6    C6        3.0080       -5.3280       -0.1180 
   6    C7        3.4840       -2.9790       -0.3990 
   6    C8        1.2100       -3.7010        0.0800 
   6    C9        2.1350       -2.6600       -0.1750 
   6   C10        3.9170       -4.3050       -0.3700 
   8    O1        5.2280       -4.5970       -0.5870 
   1    H1       -1.6170       -1.8220        0.4490 
   1    H2        0.0000        0.0000        0.0010 
   1    H3       -0.8670       -4.1670        0.5010 
   1    H4        2.3740       -0.5140       -0.3960 
   1    H5        0.9710       -5.8460        0.2990 
   1    H6        3.3390       -6.3630       -0.0940 
   1    H7        4.2070       -2.1900       -0.5980 
   1    H8        5.6980       -4.5900        0.2670 

