Run semi-empirical minimization
 &qmmm
    qm_theory='AM1', grms_tol=0.0005,
 scfconv=1.d-10, ndiis_attempts=700,   qmcharge=0,
 /
   6    C1       -1.5500       -1.2780        0.9740 
   6    C2        3.4120        0.6160        6.1740 
   6    C3       -1.3230       -0.8630        2.4200 
   6    C4        1.9480        0.3580        5.8520 
   6    C5        0.1580       -0.6240        2.7040 
   6    C6        1.7610       -0.0260        4.3870 
   7    N1        0.3510       -0.2480        4.0990 
   1    H1       -1.2020       -0.5030        0.2840 
   1    H2       -1.0180       -2.2070        0.7450 
   1    H3       -2.6160       -1.4430        0.7900 
   1    H4        4.0190       -0.2760        5.9860 
   1    H5        3.8090        1.4360        5.5670 
   1    H6        3.5270        0.8880        7.2280 
   1    H7       -1.7120       -1.6470        3.0820 
   1    H8       -1.8990        0.0480        2.6240 
   1    H9        1.3680        1.2590        6.0820 
   1   H10        1.5760       -0.4430        6.5030 
   1   H11        0.5440        0.1710        2.0570 
   1   H12        0.7330       -1.5330        2.4960 
   1   H13        2.3250       -0.9370        4.1580 
   1   H14        2.1370        0.7710        3.7370 
   1   H15       -0.1700        0.6070        4.2900 

