Run semi-empirical minimization
 &qmmm
    qm_theory='AM1', grms_tol=0.0005,
 scfconv=1.d-10, ndiis_attempts=700,   qmcharge=0,
 /
   6    C1        0.8600       -0.5760       -0.3650 
   6    C2        1.9980       -0.4820        0.6480 
   6    C3        1.2770       -0.0490       -1.7360 
   6    C4        2.5550        0.9350        0.7370 
   6    C5        1.8340        1.3680       -1.6460 
   6    C6        2.9750        1.4610       -0.6340 
   8    O1        3.4010        2.8140       -0.5170 
   1    H1        0.5300       -1.6170       -0.4540 
   1    H2        0.0000        0.0000       -0.0000 
   1    H3        1.6420       -0.8020        1.6340 
   1    H4        2.8010       -1.1720        0.3590 
   1    H5        2.0370       -0.7130       -2.1650 
   1    H6        0.4170       -0.0660       -2.4150 
   1    H7        1.8040        1.6050        1.1760 
   1    H8        3.4110        0.9600        1.4220 
   1    H9        2.1840        1.6980       -2.6320 
   1   H10        1.0350        2.0660       -1.3660 
   1   H11        3.8330        0.8830       -0.9990 
   1   H12        3.9380        3.0060       -1.3020 

