Run semi-empirical minimization
 &qmmm
    qm_theory='AM1', grms_tol=0.0005,
 scfconv=1.d-10, ndiis_attempts=700,   qmcharge=0,
 /
   6    C1        1.6140       -0.1640        1.4250 
   6    C2       -0.4940       -1.2320        1.6990 
   6    C3        1.1130       -1.5150        3.3170 
   6    C4        0.3360       -0.4210        0.9410 
   6    C5        2.0180       -0.7180        2.6350 
   6    C6       -0.1260        0.1570       -0.3500 
   6    C7        3.3780       -0.4620        3.1790 
   7    N1       -0.1370       -1.7870        2.8780 
   1    H1        2.2950        0.4680        0.8590 
   1    H2       -1.5020       -1.4670        1.3720 
   1    H3        1.3710       -1.9740        4.2660 
   1    H4       -0.6330       -0.6070       -0.9550 
   1    H5       -0.8240        0.9900       -0.1910 
   1    H6        0.7140        0.5580       -0.9350 
   1    H7        3.4340        0.5430        3.6190 
   1    H8        3.6450       -1.1930        3.9550 
   1    H9        4.1460       -0.5390        2.3970 

