Run semi-empirical minimization
 &qmmm
    qm_theory='AM1', grms_tol=0.0005,
 scfconv=1.d-10, ndiis_attempts=700,   qmcharge=0,
 /
   6    C1        1.4250       -0.3060       -1.6680 
   6    C2        1.3700       -1.9950        0.1580 
   6    C3       -0.5630       -0.4170       -0.1460 
   6    C4        1.9660       -1.5540       -5.6440 
   6    C5        4.1750       -0.3640       -5.6910 
   6    C6        2.7460       -0.2390       -3.6300 
   6    C7        0.5290       -1.2190       -0.8490 
   6    C8        3.1730       -1.1110       -4.8140 
   8    O1        1.7000        0.8500       -1.3740 
   8    O2        1.8770       -0.9790       -2.7680 
   1    H1        0.7450       -2.6680        0.7530 
   1    H2        1.8930       -1.3190        0.8440 
   1    H3        2.1300       -2.6000       -0.3480 
   1    H4       -1.2460       -1.0810        0.3950 
   1    H5       -1.1520        0.1560       -0.8710 
   1    H6       -0.1410        0.2930        0.5730 
   1    H7        2.2840       -2.1790       -6.4860 
   1    H8        1.4250       -0.6920       -6.0480 
   1    H9        1.2660       -2.1420       -5.0410 
   1   H10        4.5090       -0.9940       -6.5230 
   1   H11        5.0610       -0.0780       -5.1140 
   1   H12        3.7360        0.5470       -6.1120 
   1   H13        3.6190        0.0710       -3.0460 
   1   H14        2.2180        0.6580       -3.9700 
   1   H15        0.0380       -1.9160       -1.5380 
   1   H16        3.6540       -2.0170       -4.4240 

