Run semi-empirical minimization
 &qmmm
    qm_theory='AM1', grms_tol=0.0005,
 scfconv=1.d-10, ndiis_attempts=700,   qmcharge=0,
 /
   6    C1        6.1000        0.8290       -6.6980 
   6    C2        4.7780        1.2040       -6.9080 
   6    C3        6.4650        0.2750       -5.4790 
   6    C4        3.8200        1.0250       -5.8990 
   6    C5        5.5060        0.0990       -4.4740 
   6    C6        4.1570        0.4680       -4.6560 
   6    C7        3.0050       -0.4940       -1.4320 
   6    C8        1.5600       -0.2120       -1.3250 
   6    C9        1.0310        0.3010       -2.4420 
   6   C10        1.8330        0.5770       -3.6760 
   7    N1        3.7650       -0.2760       -2.4490 
   7    N2        3.2030        0.2680       -3.5890 
   7    N3        0.9240       -0.5000       -0.1270 
   8    O1        1.2550        1.0490       -4.6550 
  17   Cl1       -0.6600        0.7010       -2.4940 
   1    H1        6.8390        0.9670       -7.4820 
   1    H2        4.4800        1.6380       -7.8590 
   1    H3        7.4950       -0.0230       -5.3010 
   1    H4        2.8110        1.3440       -6.1370 
   1    H5        5.8400       -0.3400       -3.5360 
   1    H6        3.4660       -0.9380       -0.5340 
   1    H7        1.4880       -0.3060        0.6980 
   1    H8       -0.0010       -0.0710       -0.0640 

