Run semi-empirical minimization
 &qmmm
    qm_theory='AM1', grms_tol=0.0005,
 scfconv=1.d-10, ndiis_attempts=700,   qmcharge=0,
 /
   6    C1        2.3160        1.4220        0.0000 
   6    C2        4.3800        2.5580        0.0000 
   6    C3        1.7920        0.0000        0.0000 
   6    C4        5.8620        2.2410       -0.0000 
   8    O1        3.7110        1.3320       -0.0000 
  17   Cl1        0.0000        0.0000        0.0000 
  17   Cl2        6.8200        3.7550        0.0000 
   1    H1        1.9650        1.9530       -0.8810 
   1    H2        1.9650        1.9530        0.8810 
   1    H3        4.1200        3.1390       -0.8810 
   1    H4        4.1200        3.1390        0.8820 
   1    H5        2.1150       -0.5310       -0.8810 
   1    H6        2.1150       -0.5310        0.8810 
   1    H7        6.1380        1.6840       -0.8820 
   1    H8        6.1380        1.6840        0.8810 

