Run semi-empirical minimization
 &qmmm
    qm_theory='AM1', grms_tol=0.0005,
 scfconv=1.d-10, ndiis_attempts=700,   qmcharge=0,
 /
   6    C1        0.5010       -0.5710       -0.7890 
   6    C2        0.8640       -1.9620       -0.2800 
   6    C3       -0.3940       -0.6590       -2.0210 
   6    C4        1.4280       -2.8360       -1.4030 
   6    C5        0.2140       -1.5780       -3.0840 
   6    C6       -0.6070       -3.7540       -2.3700 
   7    N1        0.5690       -2.9150       -2.5920 
   1    H1       -0.0000       -0.0000       -0.0000 
   1    H2        1.4190       -0.0270       -1.0450 
   1    H3        1.5980       -1.8790        0.5290 
   1    H4       -0.0280       -2.4380        0.1470 
   1    H5       -1.3820       -1.0360       -1.7270 
   1    H6       -0.5460        0.3420       -2.4390 
   1    H7        2.4020       -2.4330       -1.7090 
   1    H8        1.6330       -3.8440       -1.0220 
   1    H9       -0.4720       -1.6640       -3.9360 
   1   H10        1.1210       -1.1060       -3.4840 
   1   H11       -1.0970       -3.9890       -3.3190 
   1   H12       -1.3230       -3.2370       -1.7240 
   1   H13       -0.3170       -4.6890       -1.8830 

