Run semi-empirical minimization
 &qmmm
    qm_theory='AM1', grms_tol=0.0005,
 scfconv=1.d-10, ndiis_attempts=700,   qmcharge=0,
 /
   6    C1       -1.8580        0.7400        0.8000 
   6    C2       -1.0040       -0.2570        0.3260 
   6    C3       -3.1490        0.4150        1.2200 
   6    C4       -1.4370       -1.5820        0.2690 
   6    C5       -6.5290       -2.8210        1.9320 
   6    C6       -6.9620       -4.1460        1.8750 
   6    C7       -4.8170       -4.8180        0.9820 
   6    C8       -3.5800       -0.9100        1.1630 
   6    C9       -2.7270       -1.9050        0.6890 
   6   C10       -5.2390       -2.4980        1.5120 
   6   C11       -4.3860       -3.4940        1.0380 
   6   C12       -6.1070       -5.1430        1.4010 
   8    O1       -4.8560       -1.1830        1.5850 
   8    O2       -3.1090       -3.2200        0.6160 
  17   Cl1       -6.6470       -6.7760        1.3330 
   1    H1       -1.5180        1.7700        0.8430 
   1    H2        0.0000       -0.0000        0.0000 
   1    H3       -3.8080        1.1960        1.5870 
   1    H4       -0.7660       -2.3520       -0.1010 
   1    H5       -7.1990       -2.0510        2.3020 
   1    H6       -7.9690       -4.3890        2.2050 
   1    H7       -4.1460       -5.5900        0.6110 

