Run semi-empirical minimization
 &qmmm
    qm_theory='AM1', grms_tol=0.0005,
 scfconv=1.d-10, ndiis_attempts=700,   qmcharge=0,
 /
   6    C1        0.8180       -0.4390        0.5640 
   6    C2        0.7990       -0.4060        1.9590 
   6    C3        2.9370       -1.5970        0.6200 
   6    C4        2.9180       -1.5650        2.0140 
   6    C5        1.8870       -1.0340       -0.1050 
   6    C6        1.8500       -0.9690        2.6840 
   6    C7        1.9060       -1.0700       -1.5960 
   6    C8        1.8300       -0.9340        4.1740 
   1    H1       -0.0050        0.0030        0.0080 
   1    H2       -0.0370        0.0610        2.4720 
   1    H3        3.7740       -2.0630        0.1060 
   1    H4        3.7410       -2.0050        2.5710 
   1    H5        2.1010       -2.0890       -1.9510 
   1    H6        0.9490       -0.7320       -2.0150 
   1    H7        2.6820       -0.4060       -2.0000 
   1    H8        2.7330       -0.4430        4.5570 
   1    H9        0.9530       -0.3900        4.5490 
   1   H10        1.7790       -1.9460        4.5960 

