Run semi-empirical minimization
 &qmmm
    qm_theory='AM1', grms_tol=0.0005,
 scfconv=1.d-10, ndiis_attempts=700,   qmcharge=0,
 /
   6    C1        0.3520        0.2580       -1.0070 
   6    C2       -1.2150       -1.2330       -2.0650 
   6    C3       -0.4560        1.4390       -1.5390 
   6    C4       -1.9850       -0.0170       -2.5730 
   6    C5        0.9620       -2.0410       -1.4120 
   7    N1        0.2060       -0.8930       -1.9090 
   8    O1       -1.8310        1.0800       -1.6720 
   1    H1        1.4070        0.5490       -0.9350 
   1    H2        0.0020       -0.0030       -0.0000 
   1    H3       -1.6330       -1.5570       -1.1030 
   1    H4       -1.3310       -2.0560       -2.7790 
   1    H5       -0.3960        2.2770       -0.8380 
   1    H6       -0.0730        1.7870       -2.5060 
   1    H7       -1.6550        0.2810       -3.5750 
   1    H8       -3.0530       -0.2510       -2.6320 
   1    H9        0.8070       -2.1670       -0.3370 
   1   H10        2.0300       -1.8980       -1.5970 
   1   H11        0.6430       -2.9530       -1.9230 

