Run semi-empirical minimization
 &qmmm
    qm_theory='AM1', grms_tol=0.0005,
 scfconv=1.d-10, ndiis_attempts=700,   qmcharge=0,
 /
   6    C1        0.2790       -0.8740        1.4860 
   6    C2        1.2290       -1.5520       -3.1280 
   6    C3        1.1630       -1.7450        0.5960 
   6    C4        0.1590       -0.9170       -2.2410 
   6    C5        0.3820       -2.6670       -0.3630 
   6    C6       -0.5630       -1.9130       -1.3130 
   8    O1        1.1140       -0.0980        2.3410 
   8    O2        1.8050       -0.5580       -3.9730 
   8    O3        1.9500       -2.5690        1.4650 
   8    O4       -0.8140       -0.3300       -3.1140 
   8    O5       -0.3830       -3.6070        0.3910 
   8    O6       -1.2830       -2.8640       -2.0960 
   1    H1       -0.3750       -1.4760        2.1210 
   1    H2       -0.3240       -0.1790        0.8930 
   1    H3        0.8020       -2.3180       -3.7830 
   1    H4        2.0390       -1.9980       -2.5460 
   1    H5        1.8700       -1.1170        0.0430 
   1    H6        0.5920       -0.0920       -1.6640 
   1    H7        1.1120       -3.2400       -0.9460 
   1    H8       -1.3020       -1.3530       -0.7280 
   1    H9        0.5230        0.4410        2.8890 
   1   H10        2.4730       -1.0080       -4.5130 
   1   H11        2.4680       -1.9620        2.0130 
   1   H12       -1.4840        0.0680       -2.5400 
   1   H13        0.2510       -4.1160        0.9200 
   1   H14       -1.9210       -2.3590       -2.6230 

