Run semi-empirical minimization
 &qmmm
    qm_theory='AM1', grms_tol=0.0005,
 scfconv=1.d-10, ndiis_attempts=700,   qmcharge=0,
 /
   6    C1       -0.8580       -2.3750        3.1480 
   6    C2       -0.1850       -1.0590       -0.2180 
   6    C3        1.0830       -1.8650        0.0350 
   6    C4       -1.1610       -1.6370        0.7940 
   6    C5        1.0860       -2.0290        1.5490 
   6    C6        0.1450       -2.7770        4.2010 
   7    N1       -0.3270       -2.0400        1.9170 
   8    O1       -2.0620       -2.3650        3.4060 
   1    H1        0.0010        0.0000       -0.0010 
   1    H2       -0.5470       -1.1400       -1.2470 
   1    H3        1.0000       -2.8450       -0.4490 
   1    H4        1.9860       -1.3730       -0.3360 
   1    H5       -1.9250       -0.9220        1.1130 
   1    H6       -1.6570       -2.5350        0.4080 
   1    H7        1.5810       -2.9470        1.8780 
   1    H8        1.5530       -1.1720        2.0460 
   1    H9        0.9900       -2.0990        4.1310 
   1   H10        0.4590       -3.7960        4.0030 
   1   H11       -0.3280       -2.6930        5.1740 

