Run semi-empirical minimization
 &qmmm
    qm_theory='AM1', grms_tol=0.0005,
 scfconv=1.d-10, ndiis_attempts=700,   qmcharge=0,
 /
   6    C1        0.8180       -0.4390        0.5640 
   6    C2        2.9370       -1.5970        0.6200 
   6    C3        0.7990       -0.4060        1.9590 
   6    C4        2.9180       -1.5650        2.0140 
   6    C5        1.8870       -1.0340       -0.1050 
   6    C6        1.8500       -0.9690        2.6840 
   6    C7        1.9060       -1.0670       -1.5590 
   6    C8        3.1650       -1.7810       -3.4550 
   7    N1        1.8310       -0.9340        4.1030 
   8    O1        1.0200       -0.5920       -2.2820 
   8    O2        0.8610       -0.3920        4.6860 
   8    O3        2.7860       -1.4470        4.7360 
   8    O4        3.0290       -1.6880       -2.0330 
   1    H1       -0.0050        0.0040        0.0090 
   1    H2        3.7740       -2.0650        0.1070 
   1    H3       -0.0400        0.0610        2.4680 
   1    H4        3.7440       -2.0060        2.5670 
   1    H5        4.0610       -2.3570       -3.7000 
   1    H6        3.2360       -0.7780       -3.8830 
   1    H7        2.2870       -2.2880       -3.8640 

