Run semi-empirical minimization
 &qmmm
    qm_theory='AM1', grms_tol=0.0005,
 scfconv=1.d-10, ndiis_attempts=700,   qmcharge=0,
 /
   6    C1        0.9770       -0.3460       -0.2660 
   6    C2        1.1730        1.1790       -2.2500 
   6    C3        1.9920        1.9610       -0.0020 
   6    C4        1.8130        0.7500       -0.9310 
   7    N1        2.9000        2.6010        2.0840 
   8    O1        3.5070        2.2440        3.0920 
   8    O2        2.4600        3.7100        1.7780 
   8    O3        2.7020        1.5460        1.1620 
   1    H1       -0.0210        0.0210       -0.0050 
   1    H2        1.4560       -0.7080        0.6500 
   1    H3        0.8570       -1.2030       -0.9370 
   1    H4        0.1760        1.6030       -2.0890 
   1    H5        1.0720        0.3250       -2.9290 
   1    H6        1.7860        1.9340       -2.7530 
   1    H7        2.5670        2.7330       -0.5280 
   1    H8        1.0070        2.3600        0.2740 
   1    H9        2.8030        0.3250       -1.1430 

