Run semi-empirical minimization
 &qmmm
    qm_theory='AM1', grms_tol=0.0005,
 scfconv=1.d-10, ndiis_attempts=700,   qmcharge=0,
 /
   6    C1        0.8180       -0.4390        0.5640 
   6    C2        2.9370       -1.5970        0.6200 
   6    C3        0.7990       -0.4060        1.9590 
   6    C4        2.9180       -1.5650        2.0140 
   6    C5        1.8870       -1.0340       -0.1050 
   6    C6        1.8500       -0.9690        2.6840 
   7    N1        1.9050       -1.0670       -1.5150 
  17   Cl1        1.8270       -0.9280        4.4040 
   1    H1       -0.0060        0.0030        0.0090 
   1    H2        3.7750       -2.0640        0.1080 
   1    H3       -0.0400        0.0620        2.4670 
   1    H4        3.7440       -2.0070        2.5660 
   1    H5        1.1740       -0.6130       -2.0230 
   1    H6        2.5950       -1.6220       -1.9810 

