Run semi-empirical minimization
 &qmmm
    qm_theory='AM1', grms_tol=0.0005,
 scfconv=1.d-10, ndiis_attempts=700,   qmcharge=0,
 /
   6    C1        4.0860       -1.9690       -4.0930 
   6    C2        4.6520       -1.6550       -1.7650 
   6    C3        3.1950       -0.8870       -3.9910 
   6    C4        3.7510       -0.5740       -1.7060 
   6    C5        2.9680       -0.1570       -2.8020 
   6    C6        4.7960       -2.3560       -2.9610 
   6    C7       -1.1940       -0.5700       -1.2720 
   6    C8        2.4500        4.4800       -4.0010 
   6    C9        4.9790       -5.1300       -2.7010 
   6   C10        0.0390       -0.5050       -2.1590 
   6   C11        1.8200        3.1040       -3.8520 
   6   C12        0.8630        0.7540       -1.8770 
   6   C13        2.6140        2.2300       -2.8770 
   7    N1        2.0160        0.8760       -2.7990 
   7    N2        2.4670       -0.5410       -5.1950 
   7    N3        3.6830        0.1100       -0.4320 
   8    O1        1.4740       -1.2320       -5.4610 
   8    O2        2.9430        0.3580       -5.9000 
   8    O3        3.1290       -0.4990        0.4930 
   8    O4        4.2170        1.2220       -0.3540 
   8    O5        6.3880       -3.7720       -4.4470 
   8    O6        6.9140       -3.5100       -1.9920 
  16    S1        5.9590       -3.6980       -3.0660 
   1    H1        4.2190       -2.4860       -5.0430 
   1    H2        5.2370       -1.9300       -0.8870 
   1    H3       -0.9150       -0.5860       -0.2130 
   1    H4       -1.8470        0.2920       -1.4430 
   1    H5       -1.7670       -1.4780       -1.4860 
   1    H6        2.4840        5.0020       -3.0400 
   1    H7        3.4700        4.4050       -4.3890 
   1    H8        1.8660        5.0900       -4.6980 
   1    H9        5.6290       -6.0060       -2.7450 
   1   H10        4.5590       -5.0290       -1.6980 
   1   H11        4.1860       -5.2190       -3.4470 
   1   H12       -0.2730       -0.5180       -3.2100 
   1   H13        0.6400       -1.4060       -1.9910 
   1   H14        1.7700        2.6230       -4.8350 
   1   H15        0.7870        3.2220       -3.5070 
   1   H16        0.2080        1.6220       -2.0150 
   1   H17        1.1810        0.7830       -0.8310 
   1   H18        3.6550        2.1790       -3.2240 
   1   H19        2.6260        2.6970       -1.8850 

