Run semi-empirical minimization
 &qmmm
    qm_theory='AM1', grms_tol=0.0005,
 scfconv=1.d-10, ndiis_attempts=700,   qmcharge=0,
 /
   6    C1       -6.3090       -7.6540       -2.5390 
   6    C2       -5.7390       -6.7260       -1.4780 
   6    C3       -5.4080       -7.4810       -0.1920 
   6    C4       -4.8350       -6.5440        0.8730 
   6    C5       -4.5070       -7.3030        2.1520 
  17   Cl1       -3.8420       -6.1970        3.3760 
   1    H1       -6.5390       -7.0930       -3.4500 
   1    H2       -5.5940       -8.4420       -2.7960 
   1    H3       -7.2320       -8.1280       -2.1900 
   1    H4       -4.8360       -6.2440       -1.8710 
   1    H5       -6.4650       -5.9320       -1.2680 
   1    H6       -6.3140       -7.9650        0.1940 
   1    H7       -4.6850       -8.2770       -0.4090 
   1    H8       -3.9300       -6.0610        0.4840 
   1    H9       -5.5590       -5.7490        1.0870 
   1   H10       -5.4020       -7.7680        2.5760 
   1   H11       -3.7620       -8.0820        1.9690 

