Run semi-empirical minimization
 &qmmm
    qm_theory='AM1', grms_tol=0.0005,
 scfconv=1.d-10, ndiis_attempts=700,   qmcharge=0,
 /
   6    C1       -0.0590        0.4630        0.9900 
   6    C2        0.7280       -0.3540        2.0020 
   6    C3        0.6660        0.2690        3.3960 
   6    C4        1.4220       -0.5780        4.4050 
  35   Br1        1.3670        0.2760        6.1540 
   1    H1        0.3380        1.4800        0.9130 
   1    H2        0.0000        0.0000        0.0000 
   1    H3       -1.1150        0.5270        1.2720 
   1    H4        1.7710       -0.4260        1.6720 
   1    H5        0.3260       -1.3740        2.0310 
   1    H6        1.0880        1.2810        3.3640 
   1    H7       -0.3820        0.3740        3.7040 
   1    H8        2.4780       -0.6840        4.1430 
   1    H9        0.9740       -1.5680        4.5270 

