Run semi-empirical minimization
 &qmmm
    qm_theory='AM1', grms_tol=0.0005,
 scfconv=1.d-10, ndiis_attempts=700,   qmcharge=0,
 /
   6    C1        0.1830       -0.3460        1.0110 
   6    C2        1.5260       -0.4070        3.0050 
   6    C3       -0.7040       -1.2000        1.6470 
   6    C4        0.5790       -1.2580        3.5520 
   6    C5        1.3170        0.0530        1.7100 
   6    C6        2.2800        0.9480        1.0890 
   6    C7        2.0550        1.4540       -0.3320 
   7    N1       -0.5340       -1.6670        2.9040 
   8    O1        3.3050        1.3220        1.6930 
   1    H1       -0.0090       -0.0060       -0.0020 
   1    H2        2.4010       -0.1150        3.5770 
   1    H3       -1.6030       -1.5410        1.1450 
   1    H4        0.6960       -1.6450        4.5590 
   1    H5        1.1330        2.0400       -0.3730 
   1    H6        2.0130        0.6080       -1.0240 
   1    H7        2.8820        2.1010       -0.6410 

