Run semi-empirical minimization
 &qmmm
    qm_theory='AM1', grms_tol=0.0005,
 scfconv=1.d-10, ndiis_attempts=700,   qmcharge=0,
 /
   6    C1        0.3700        0.5440       -2.7470 
   6    C2        0.0700        1.0590       -1.3700 
   6    C3       -1.2330        0.9550       -0.8610 
   6    C4       -1.5420        1.4250        0.4170 
   6    C5       -0.5520        2.0060        1.2060 
   6    C6        0.7470        2.1180        0.7170 
   6    C7        1.0540        1.6480       -0.5620 
   8    O1        2.3520        1.7940       -0.9690 
   1    H1        2.4550        1.4370       -1.8650 
   1    H2       -0.5210        0.1210       -3.2230 
   1    H3        0.7300        1.3570       -3.3860 
   1    H4        1.1260       -0.2460       -2.7010 
   1    H5       -2.0220        0.5040       -1.4590 
   1    H6       -2.5570        1.3360        0.7970 
   1    H7       -0.7930        2.3720        2.2000 
   1    H8        1.5170        2.5720        1.3340 

