Run semi-empirical minimization
 &qmmm
    qm_theory='AM1', grms_tol=0.0005,
 scfconv=1.d-10, ndiis_attempts=700,   qmcharge=0,
 /
   6    C1        5.2420       -2.0420       -5.0270 
   6    C2        6.7590       -2.9230       -6.8260 
   6    C3        0.8520       -0.3690        0.6910 
   6    C4        6.0000       -3.2390       -5.5500 
   6    C5        1.6510       -1.4310       -0.0470 
   6    C6        2.2940       -0.8690       -1.3150 
   6    C7        3.1240       -1.9290       -2.0350 
   6    C8        3.8010       -1.3660       -3.2760 
   8    O1        5.2340       -0.9320       -5.5430 
   8    O2        4.5660       -2.3950       -3.8880 
   1    H1        7.4870       -2.1210       -6.6630 
   1    H2        7.2980       -3.8080       -7.1780 
   1    H3        6.0770       -2.5990       -7.6190 
   1    H4        1.4920        0.4680        0.9890 
   1    H5        0.0450        0.0220        0.0620 
   1    H6        0.4030       -0.7920        1.5950 
   1    H7        6.7060       -3.5650       -4.7790 
   1    H8        5.2840       -4.0450       -5.7440 
   1    H9        0.9890       -2.2660       -0.3040 
   1   H10        2.4270       -1.8250        0.6200 
   1   H11        1.5130       -0.4940       -1.9880 
   1   H12        2.9330       -0.0160       -1.0550 
   1   H13        2.4900       -2.7780       -2.3210 
   1   H14        3.8850       -2.3390       -1.3590 
   1   H15        4.4730       -0.5420       -3.0150 
   1   H16        3.0600       -1.0070       -3.9970 

