Run semi-empirical minimization
 &qmmm
    qm_theory='AM1', grms_tol=0.0005,
 scfconv=1.d-10, ndiis_attempts=700,   qmcharge=0,
 /
   6    C1       -0.5590       -2.0540        0.3110 
   6    C2        0.3410       -1.0310        0.0250 
   6    C3        3.0180       -5.3220       -0.1350 
   6    C4        3.9170       -4.2990       -0.4200 
   6    C5       -0.1220       -3.3790        0.3440 
   6    C6        1.6800       -1.3290       -0.2290 
   6    C7        1.6790       -5.0240        0.1190 
   6    C8        3.4810       -2.9740       -0.4530 
   6    C9        1.2220       -3.6970        0.0910 
   6   C10        2.1360       -2.6560       -0.2000 
   1    H1       -1.6010       -1.8220        0.5090 
   1    H2       -0.0010       -0.0000       -0.0010 
   1    H3        3.3580       -6.3540       -0.1090 
   1    H4        4.9600       -4.5320       -0.6170 
   1    H5       -0.8430       -4.1620        0.5690 
   1    H6        2.3650       -0.5130       -0.4500 
   1    H7        0.9940       -5.8400        0.3420 
   1    H8        4.2010       -2.1910       -0.6780 

