Run semi-empirical minimization
 &qmmm
    qm_theory='AM1', grms_tol=0.0005,
 scfconv=1.d-10, ndiis_attempts=700,   qmcharge=0,
 /
   6    C1        3.3840       -8.3150       -1.2420 
   6    C2        0.6180        0.1200       -0.7580 
   6    C3        4.2190      -10.5120       -0.9720 
   6    C4        3.0540       -7.0610       -0.4620 
   6    C5        0.9420       -1.1340       -1.5540 
   6    C6        2.5620       -5.9150       -1.3450 
   6    C7        1.4910       -2.2420       -0.6550 
   6    C8        2.3010       -4.6320       -0.5490 
   6    C9        1.7830       -3.5130       -1.4540 
   8    O1        3.2870       -8.4370       -2.4550 
   8    O2        3.8350       -9.2700       -0.3750 
   1    H1        1.5130        0.5130       -0.2650 
   1    H2       -0.1360       -0.0850        0.0090 
   1    H3        0.2260        0.8980       -1.4200 
   1    H4        4.5200      -11.2150       -0.1920 
   1    H5        5.0470      -10.3440       -1.6650 
   1    H6        3.3660      -10.9220       -1.5190 
   1    H7        3.9710       -6.7500        0.0520 
   1    H8        2.2960       -7.2960        0.2930 
   1    H9        0.0350       -1.4820       -2.0620 
   1   H10        1.6740       -0.8880       -2.3310 
   1   H11        1.6520       -6.2120       -1.8800 
   1   H12        3.3260       -5.7100       -2.1060 
   1   H13        2.4090       -1.8960       -0.1650 
   1   H14        0.7660       -2.4650        0.1370 
   1   H15        3.2290       -4.3090       -0.0620 
   1   H16        1.5710       -4.8240        0.2460 
   1   H17        2.5260       -3.2960       -2.2310 
   1   H18        0.8700       -3.8450       -1.9630 

