Run semi-empirical minimization
 &qmmm
    qm_theory='AM1', grms_tol=0.0005,
 scfconv=1.d-10, ndiis_attempts=700,   qmcharge=0,
 /
   6    C1        2.2020        2.6220       -6.6510 
   6    C2        2.4510        3.5730       -5.6610 
   6    C3        1.1510        1.7180       -6.5010 
   6    C4        1.6490        3.6190       -4.5210 
   6    C5        0.3490        1.7630       -5.3610 
   6    C6        0.6070        2.7130       -4.3840 
   6    C7       -0.0940        0.9870        0.2920 
   6    C8       -0.2600        2.7630       -3.1520 
   6    C9       -0.6140        1.9020       -0.8050 
   6   C10        0.2910        1.8720       -2.0360 
   1    H1        2.8270        2.5870       -7.5390 
   1    H2        3.2690        4.2770       -5.7780 
   1    H3        0.9580        0.9770       -7.2720 
   1    H4        1.8500        4.3620       -3.7550 
   1    H5       -0.4680        1.0540       -5.2530 
   1    H6        0.9060        1.2920        0.6160 
   1    H7       -0.0410       -0.0500       -0.0540 
   1    H8       -0.7580        1.0220        1.1610 
   1    H9       -0.3380        3.8000       -2.8030 
   1   H10       -1.2800        2.4550       -3.4120 
   1   H11       -0.6830        2.9250       -0.4180 
   1   H12       -1.6280        1.5900       -1.0810 
   1   H13        1.3000        2.2030       -1.7580 
   1   H14        0.3870        0.8400       -2.3960 

