Run semi-empirical minimization
 &qmmm
    qm_theory='AM1', grms_tol=0.0005,
 scfconv=1.d-10, ndiis_attempts=700,   qmcharge=0,
 /
   6    C1        1.8990       -1.0130       -0.0780 
   6    C2        0.8130       -0.3270        1.9680 
   6    C3        2.9470       -1.4560        2.0530 
   6    C4        0.8260       -0.4080        0.5750 
   6    C5        2.9600       -1.5370        0.6600 
   6    C6        1.8740       -0.8520        2.7070 
   6    C7       -0.3080        0.1510       -0.2150 
   6    C8        4.1070       -2.1840       -0.0390 
   8    O1        1.8610       -0.7730        4.0660 
   1    H1        1.9100       -1.0760       -1.1640 
   1    H2       -0.0230        0.1430        2.4800 
   1    H3        3.7720       -1.8640        2.6320 
   1    H4       -1.1960       -0.4860       -0.1140 
   1    H5       -0.5670        1.1640        0.1200 
   1    H6       -0.0530        0.2250       -1.2810 
   1    H7        4.8780       -2.4800        0.6830 
   1    H8        3.7860       -3.0770       -0.5900 
   1    H9        4.5610       -1.5050       -0.7730 
   1   H10        1.1900       -0.1190        4.3360 

