Run semi-empirical minimization
 &qmmm
    qm_theory='AM1', grms_tol=0.0005,
 scfconv=1.d-10, ndiis_attempts=700,   qmcharge=0,
 /
   6    C1        2.9380        3.1240       -0.6580 
   6    C2        2.6300        1.8540       -0.9480 
   6    C3        4.3460        3.4820       -0.4000 
   6    C4       -1.9730       -0.5820       -4.6370 
   6    C5        1.2270        1.3870       -1.2150 
   6    C6       -0.5460       -0.1470       -4.3420 
   6    C7        1.0310        0.8330       -2.6300 
   6    C8       -0.4150        0.4250       -2.9300 
   8    O1        4.6840        4.6280       -0.1310 
   1    H1        2.1930        3.9090       -0.6070 
   1    H2        3.4110        1.0990       -0.9800 
   1    H3        5.0780        2.6600       -0.4630 
   1    H4       -2.2990       -1.3580       -3.9370 
   1    H5       -2.0430       -0.9880       -5.6510 
   1    H6       -2.6640        0.2630       -4.5610 
   1    H7        0.9650        0.6210       -0.4760 
   1    H8        0.5210        2.2130       -1.0670 
   1    H9       -0.2410        0.6050       -5.0790 
   1   H10        0.1230       -1.0070       -4.4590 
   1   H11        1.6960       -0.0250       -2.7890 
   1   H12        1.3370        1.6070       -3.3450 
   1   H13       -1.0720        1.2980       -2.8260 
   1   H14       -0.7530       -0.3250       -2.2070 

