Run semi-empirical minimization
 &qmmm
    qm_theory='AM1', grms_tol=0.0005,
 scfconv=1.d-10, ndiis_attempts=700,   qmcharge=0,
 /
   6    C1        2.4780       -0.7670       -0.5650 
   6    C2       -0.0240       -1.8310       -2.6920 
   6    C3        0.6940        0.4410        0.7490 
   6    C4        2.0350        1.6620       -1.0360 
   6    C5       -2.0370       -1.8760       -4.0900 
   6    C6        2.9300        2.6730        1.8000 
   6    C7        2.0460        0.5770        0.0430 
   7    N1        1.8500       -1.5180       -1.4240 
   7    N2       -1.2170       -1.2740       -3.0750 
   8    O1        0.3860       -2.9130       -3.0930 
   8    O2        0.6150       -0.9850       -1.8180 
  16    S1        3.3460        0.9720        1.3350 
   1    H1        3.4590       -1.1630       -0.2490 
   1    H2        0.4120        1.3500        1.2890 
   1    H3       -0.1180        0.2500        0.0410 
   1    H4        0.6950       -0.3940        1.4600 
   1    H5        1.7070        2.6300       -0.6450 
   1    H6        1.3470        1.4180       -1.8520 
   1    H7        3.0250        1.7870       -1.4910 
   1    H8       -1.6210       -1.6270       -5.0700 
   1    H9       -3.0490       -1.4730       -4.0050 
   1   H10       -2.0570       -2.9630       -3.9700 
   1   H11        3.5690        2.9680        2.6370 
   1   H12        1.8920        2.7620        2.1240 
   1   H13        3.1280        3.3620        0.9750 
   1   H14       -1.3800       -0.3190       -2.7920 

