Run semi-empirical minimization
 &qmmm
    qm_theory='AM1', grms_tol=0.0005,
 scfconv=1.d-10, ndiis_attempts=700,   qmcharge=0,
 /
   6    C1        0.9080        0.7080       -0.0010 
   6    C2       -0.8140       -2.2040        2.8840 
   6    C3       -1.3900       -1.0550        2.5020 
   6    C4        0.4850        0.0700        1.3060 
   6    C5       -0.8620       -0.5070       -1.2700 
   6    C6       -1.2620       -1.2250        0.0200 
   6    C7        0.6130       -0.0970       -1.2620 
   6    C8       -0.9860       -0.3460        1.2460 
   6    C9       -2.4770       -0.4060        3.3070 
   6   C10        0.9640        0.6830       -2.5250 
   8    O1        1.5300        1.7690       -0.0160 
   1    H1       -1.1140       -2.7100        3.7960 
   1    H2       -0.0290       -2.6650        2.2950 
   1    H3        1.1420       -0.7890        1.4890 
   1    H4        0.6450        0.7920        2.1150 
   1    H5       -1.0610       -1.1650       -2.1250 
   1    H6       -1.4980        0.3790       -1.3960 
   1    H7       -2.3270       -1.4810       -0.0310 
   1    H8       -0.7110       -2.1720        0.0960 
   1    H9        1.2440       -0.9940       -1.2210 
   1   H10       -1.6020        0.5590        1.1630 
   1   H11       -2.0460        0.2870        4.0370 
   1   H12       -3.1520        0.1540        2.6520 
   1   H13       -3.0770       -1.1390        3.8570 
   1   H14        0.3500        1.5800       -2.5900 
   1   H15        0.7840        0.0650       -3.4040 
   1   H16        2.0140        0.9710       -2.5030 

