Run semi-empirical minimization
 &qmmm
    qm_theory='AM1', grms_tol=0.0005,
 scfconv=1.d-10, ndiis_attempts=700,   qmcharge=0,
 /
   6    C1       -1.6610       -2.3970       -1.3850 
   6    C2       -1.4910       -1.2340       -0.7440 
   6    C3       -2.9300       -2.6040       -2.1500 
   6    C4       -3.5680       -0.3600       -1.6610 
   6    C5       -0.3250       -0.8660        0.1280 
   6    C6       -4.4560       -2.5310       -4.6570 
   6    C7       -6.0400       -2.0610       -2.7580 
   6    C8       -5.0930       -0.2110       -4.1740 
   6    C9       -4.7750       -1.5650       -3.4830 
   7    N1       -2.4680       -0.2810       -0.8490 
   7    N2       -3.6250       -1.4510       -2.5190 
   8    O1       -3.3020       -3.7500       -2.3960 
   8    O2       -4.4120        0.5250       -1.5560 
  17   Cl1       -0.5480       -3.7080       -1.3170 
   1    H1        0.1550        0.0430       -0.2490 
   1    H2        0.4430       -1.6420        0.1790 
   1    H3       -0.6660       -0.6740        1.1520 
   1    H4       -3.4790       -2.3010       -5.0980 
   1    H5       -4.4560       -3.5830       -4.3580 
   1    H6       -5.2080       -2.4570       -5.4520 
   1    H7       -6.3350       -1.3760       -1.9560 
   1    H8       -5.8820       -3.0450       -2.3030 
   1    H9       -6.8850       -2.1470       -3.4510 
   1   H10       -5.5880        0.5020       -3.5100 
   1   H11       -4.1790        0.2570       -4.5590 
   1   H12       -5.7810       -0.3450       -5.0180 
   1   H13       -2.4200        0.5670       -0.2930 

