Run semi-empirical minimization
 &qmmm
    qm_theory='AM1', grms_tol=0.0005,
 scfconv=1.d-10, ndiis_attempts=700,   qmcharge=0,
 /
   6    C1        0.8320       -0.3950        0.5750 
   6    C2        1.8990       -1.0140       -0.0770 
   6    C3        0.8350       -0.2830        1.9660 
   6    C4        2.9710       -1.4090        2.0520 
   6    C5        2.9680       -1.5200        0.6620 
   6    C6        1.9040       -0.7900        2.7040 
   7    N1        4.0470       -2.1450        0.0020 
  17   Cl1        1.9070       -0.6510        4.4200 
   1    H1        0.0000        0.0000       -0.0000 
   1    H2        1.8870       -1.0950       -1.1610 
   1    H3       -0.0030        0.2020        2.4600 
   1    H4        3.8070       -1.8040        2.6250 
   1    H5        3.8600       -2.7660       -0.7590 
   1    H6        4.9720       -2.0310        0.3640 

