Run semi-empirical minimization
 &qmmm
    qm_theory='AM1', grms_tol=0.0005,
 scfconv=1.d-10, ndiis_attempts=700,   qmcharge=0,
 /
   6    C1       -0.6510       -1.2100       -2.1830 
   6    C2        0.5390       -0.2940       -1.9440 
   6    C3        0.3570        1.1090       -2.5260 
   6    C4        1.5850        2.0050       -2.3460 
   6    C5        1.3380        3.4040       -2.9170 
   6    C6        2.5750        4.2920       -2.7680 
   6    C7        2.3110        5.6990       -3.3030 
  53    I1        4.0590        6.9170       -3.1170 
   1    H1       -1.5370       -0.8670       -1.6410 
   1    H2       -0.8960       -1.2670       -3.2480 
   1    H3       -0.4210       -2.2220       -1.8340 
   1    H4        1.4250       -0.7480       -2.4040 
   1    H5        0.7390       -0.2290       -0.8680 
   1    H6       -0.5190        1.5850       -2.0700 
   1    H7        0.1400        1.0100       -3.5970 
   1    H8        2.4480        1.5510       -2.8470 
   1    H9        1.8340        2.0910       -1.2820 
   1   H10        0.4890        3.8660       -2.3990 
   1   H11        1.0680        3.3260       -3.9770 
   1   H12        3.4170        3.8370       -3.3060 
   1   H13        2.8630        4.3410       -1.7100 
   1   H14        1.4860        6.1620       -2.7510 
   1   H15        2.0140        5.6510       -4.3560 

