Run semi-empirical minimization
 &qmmm
    qm_theory='AM1', grms_tol=0.0005,
 scfconv=1.d-10, ndiis_attempts=700,   qmcharge=0,
 /
   6    C1       -0.0230        2.4020       -0.0040 
   6    C2        1.3640        2.4110       -0.0030 
   6    C3       -0.7040        1.1940       -0.0030 
   6    C4        2.0660        1.2150        0.0000 
   6    C5        0.0000        0.0000        0.0000 
   6    C6        1.3900        0.0000        0.0000 
   6    C7        2.1520       -1.2950        0.0100 
  17   Cl1        2.5070       -1.9020       -1.6570 
   1    H1       -0.5680        3.3290       -0.0050 
   1    H2        1.8980        3.3450       -0.0030 
   1    H3       -1.7800        1.1810       -0.0030 
   1    H4        3.1420        1.2280       -0.0030 
   1    H5       -0.5340       -0.9340       -0.0030 
   1    H6        3.1110       -1.1890        0.4920 
   1    H7        1.5950       -2.0810        0.4940 

