Run semi-empirical minimization
 &qmmm
    qm_theory='AM1', grms_tol=0.0005,
 scfconv=1.d-10, ndiis_attempts=700,   qmcharge=0,
 /
   6    C1        0.2250       -0.0420        1.7540 
   6    C2        2.1170        0.4790        0.1730 
   6    C3        1.5260        4.4510        0.6850 
   6    C4        1.5300        3.5650        3.0450 
   6    C5        1.3530        0.9190        1.4130 
   6    C6        1.7300        3.2330        1.5730 
   8    O1        0.8120        2.2180        1.1940 
   1    H1        0.6070       -1.0470        1.9590 
   1    H2       -0.3220        0.3100        2.6360 
   1    H3       -0.5020       -0.1030        0.9370 
   1    H4        2.5710       -0.5060        0.3160 
   1    H5        2.9080        1.1990       -0.0620 
   1    H6        1.4580        0.4380       -0.7010 
   1    H7        2.2380        5.2450        0.9300 
   1    H8        1.6530        4.1790       -0.3680 
   1    H9        0.5100        4.8480        0.7870 
   1   H10        2.2410        4.3260        3.3810 
   1   H11        1.6620        2.6670        3.6590 
   1   H12        0.5140        3.9280        3.2320 
   1   H13        2.0420        0.9900        2.2610 
   1   H14        2.7390        2.8360        1.4220 

