Run semi-empirical minimization
 &qmmm
    qm_theory='AM1', grms_tol=0.0005,
 scfconv=1.d-10, ndiis_attempts=700,   qmcharge=0,
 /
   6    C1        1.8850       -1.0380       -0.1090 
   6    C2        0.8180       -0.4410        0.5630 
   6    C3        2.9350       -1.6040        0.6140 
   6    C4        0.8010       -0.4100        1.9570 
   6    C5        2.9180       -1.5730        2.0080 
   6    C6        1.8510       -0.9770        2.6800 
   6    C7        0.5630       -0.9610        4.6910 
   6    C8        0.7110       -1.6110        6.0470 
   8    O1        1.8340       -0.9480        4.0400 
   9    F1        0.1560        0.3240        4.8780 
   9    F2       -0.4790       -1.5900        6.6950 
   9    F3        1.5840       -0.8970        6.8020 
   1    H1        1.8990       -1.0600       -1.1950 
   1    H2       -0.0000       -0.0010       -0.0000 
   1    H3        3.7660       -2.0680        0.0900 
   1    H4       -0.0340        0.0550        2.4750 
   1    H5        3.7390       -2.0170        2.5660 
   1    H6       -0.1900       -1.4980        4.1040 
   1    H7        1.0710       -2.6420        5.9840 

