Run semi-empirical minimization
 &qmmm
    qm_theory='AM1', grms_tol=0.0005,
 scfconv=1.d-10, ndiis_attempts=700,   qmcharge=0,
 /
   6    C1       -0.1060        0.1260        2.3360 
   6    C2       -1.2750        0.1240        3.1000 
   6    C3       -2.5460       -0.5620        1.1590 
   6    C4       -0.1430       -0.2110        0.9730 
   6    C5       -2.4880       -0.2180        2.5070 
   6    C6       -1.3760       -0.5600        0.3940 
   6    C7        1.7190        0.9210       -0.2060 
   6    C8        1.1130       -0.2030        0.2050 
   6    C9        3.0870       -5.6900       -0.2170 
   6   C10        2.4920       -1.2840       -4.8570 
   6   C11        3.4570       -4.2260       -0.0960 
   6   C12        3.2010       -1.6040       -3.5580 
   8    O1        4.1320       -1.3210       -0.6500 
   8    O2        1.5810       -1.4750       -0.0520 
   8    O3        2.7350       -3.4950       -1.0730 
   8    O4        2.2830       -1.4440       -2.4910 
  15    P1        2.7960       -1.8850       -1.0260 
  17   Cl1       -3.9270       -0.2210        3.4510 
  17   Cl2       -1.5070       -1.0010       -1.2750 
  17   Cl3        1.1440        2.5160        0.0650 
   1    H1        0.8370        0.3940        2.8110 
   1    H2       -1.2310        0.3910        4.1530 
   1    H3       -3.4960       -0.8290        0.7050 
   1    H4        2.6430        0.9430       -0.7680 
   1    H5        2.0110       -5.8290       -0.0660 
   1    H6        3.3190       -6.0650       -1.2190 
   1    H7        3.6270       -6.2910        0.5200 
   1    H8        1.6320       -1.9470       -5.0000 
   1    H9        2.1050       -0.2600       -4.8440 
   1   H10        3.1680       -1.3950       -5.7090 
   1   H11        4.5300       -4.0970       -0.2670 
   1   H12        3.2100       -3.8610        0.9060 
   1   H13        4.0460       -0.9240       -3.4120 
   1   H14        3.5720       -2.6340       -3.5750 

