Run semi-empirical minimization
 &qmmm
    qm_theory='AM1', grms_tol=0.0005,
 scfconv=1.d-10, ndiis_attempts=700,   qmcharge=0,
 /
   6    C1       -0.4100        0.8710        0.5830 
   6    C2       -0.8980        1.6180        2.9260 
   6    C3       -0.1800        0.5710        2.0620 
   7    N1       -1.1460        2.3140        5.1730 
   7    N2        0.1120       -1.7990        2.1710 
   8    O1       -0.8320        2.1280        6.3460 
   8    O2       -1.8900        3.1600        4.6750 
   8    O3       -0.4000       -2.8720        2.4860 
   8    O4        1.2250       -1.5620        1.7020 
   8    O5       -0.5270        1.3980        4.2880 
   8    O6       -0.7550       -0.7000        2.3850 
   1    H1       -1.4780        0.8310        0.3380 
   1    H2       -0.0270        1.8610        0.3160 
   1    H3        0.0840        0.1300       -0.0530 
   1    H4       -0.5880        2.6240        2.6160 
   1    H5       -1.9840        1.5020        2.8180 
   1    H6        0.8870        0.6130        2.3140 

