Run semi-empirical minimization
 &qmmm
    qm_theory='AM1', grms_tol=0.0005,
 scfconv=1.d-10, ndiis_attempts=700,   qmcharge=0,
 /
   6    C1       -0.0460        2.1350       -0.1210 
   6    C2        0.1910        0.8580        0.6460 
   6    C3        1.7490        3.8110        0.3320 
   6    C4       -0.6400        4.5640        0.1510 
   6    C5        0.2940        3.4410        0.5920 
   8    O1       -0.4680        2.1060       -1.2770 
   1    H1        1.2620        0.7110        0.8030 
   1    H2       -0.2030        0.0110        0.0770 
   1    H3       -0.3300        0.9020        1.6050 
   1    H4        1.9430        3.9300       -0.7400 
   1    H5        2.0090        4.7500        0.8320 
   1    H6        2.4270        3.0360        0.7040 
   1    H7       -1.6870        4.2870        0.3140 
   1    H8       -0.5200        4.7910       -0.9140 
   1    H9       -0.4400        5.4800        0.7170 
   1   H10        0.1430        3.2810        1.6670 

