Run semi-empirical minimization
 &qmmm
    qm_theory='AM1', grms_tol=0.0005,
 scfconv=1.d-10, ndiis_attempts=700,   qmcharge=0,
 /
   6    C1        0.5780       -1.9170       -1.3100 
   6    C2        6.5710       -5.1290        6.1890 
   6    C3        0.8600       -1.8770        0.1840 
   6    C4        5.3770       -4.2630        5.8230 
   6    C5        2.0370       -2.7580        0.6080 
   6    C6        5.0790       -4.3250        4.3250 
   6    C7        2.3340       -2.6940        2.1080 
   6    C8        3.8560       -3.4790        3.9660 
   6    C9        3.5370       -3.5670        2.4730 
   1    H1        0.4340       -2.9460       -1.6550 
   1    H2       -0.3330       -1.3540       -1.5350 
   1    H3        1.3940       -1.4690       -1.8840 
   1    H4        6.7680       -5.0680        7.2640 
   1    H5        7.4720       -4.8000        5.6610 
   1    H6        6.3880       -6.1780        5.9360 
   1    H7        1.0380       -0.8410        0.4940 
   1    H8       -0.0370       -2.2170        0.7170 
   1    H9        5.5800       -3.2280        6.1200 
   1   H10        4.5010       -4.5980        6.3910 
   1   H11        1.8050       -3.7950        0.3330 
   1   H12        2.9320       -2.4730        0.0420 
   1   H13        5.9500       -3.9690        3.7620 
   1   H14        4.9050       -5.3660        4.0270 
   1   H15        1.4540       -3.0280        2.6720 
   1   H16        2.5380       -1.6600        2.4060 
   1   H17        4.0390       -2.4330        4.2420 
   1   H18        2.9900       -3.8200        4.5470 
   1   H19        3.3300       -4.6100        2.2030 
   1   H20        4.4100       -3.2490        1.8910 

