Run semi-empirical minimization
 &qmmm
    qm_theory='AM1', grms_tol=0.0005,
 scfconv=1.d-10, ndiis_attempts=700,   qmcharge=0,
 /
   6    C1       -4.4000       -1.9110        0.3530 
   6    C2       -3.6510       -2.5190       -0.7940 
   6    C3       -6.0370        3.6230       -1.8480 
   6    C4       -6.9450        2.6350       -1.1480 
   6    C5       -6.0490       -0.3010        0.8790 
   6    C6       -6.9520        0.7120        0.2020 
   8    O1       -4.2410       -2.2320        1.5230 
   8    O2       -5.2640       -0.9660       -0.1170 
   8    O3       -6.1480        1.6700       -0.4750 
   1    H1       -4.1970       -3.3850       -1.1750 
   1    H2       -2.6480       -2.8070       -0.4710 
   1    H3       -3.5600       -1.7830       -1.5980 
   1    H4       -5.3960        4.1410       -1.1290 
   1    H5       -5.4050        3.1140       -2.5830 
   1    H6       -6.6250        4.3670       -2.3960 
   1    H7       -7.5840        2.1210       -1.8730 
   1    H8       -7.5750        3.1450       -0.4140 
   1    H9       -6.6330       -1.0570        1.4120 
   1   H10       -5.3680        0.1970        1.5750 
   1   H11       -7.5690        1.2410        0.9350 
   1   H12       -7.5940        0.2200       -0.5340 

