Run semi-empirical minimization
 &qmmm
    qm_theory='AM1', grms_tol=0.0005,
 scfconv=1.d-10, ndiis_attempts=700,   qmcharge=0,
 /
   6    C1        0.3900       -0.9760       -0.3680 
   6    C2       -1.2990       -4.9740       -3.1040 
   6    C3        0.5420       -3.9830       -0.8790 
   6    C4       -0.7740       -1.8070       -0.8890 
   6    C5       -1.6010       -3.7660       -2.2290 
   6    C6       -0.3420       -3.0440       -1.7050 
   1    H1        1.0670       -0.6940       -1.1810 
   1    H2        0.0160       -0.0560        0.0930 
   1    H3        0.9630       -1.5140        0.3920 
   1    H4       -2.2270       -5.3640       -3.5360 
   1    H5       -0.8400       -5.7840       -2.5300 
   1    H6       -0.6290       -4.7070       -3.9270 
   1    H7        0.0070       -4.3600       -0.0020 
   1    H8        1.4480       -3.4770       -0.5330 
   1    H9        0.8740       -4.8420       -1.4700 
   1   H10       -1.3930       -1.1580       -1.5220 
   1   H11       -1.4030       -2.1140       -0.0440 
   1   H12       -2.2320       -4.0790       -1.3880 
   1   H13       -2.1970       -3.0620       -2.8240 
   1   H14        0.2400       -2.6980       -2.5700 

