Run semi-empirical minimization
 &qmmm
    qm_theory='AM1', grms_tol=0.0005,
 scfconv=1.d-10, ndiis_attempts=700,   qmcharge=0,
 /
   1    H3       -1.7780       -0.4710       -0.0910 
   6    C1       -1.9780        0.0030       -1.0330 
   1    H2       -1.0410        0.3740       -1.4610 
   1    H6       -2.5990        0.8750       -0.8330 
   6    C3       -2.6860       -0.9260       -1.9960 
   1    H1       -2.0270       -1.7840       -2.2110 
   1    H7       -2.8610       -0.4360       -2.9490 
   6    C5       -4.0040       -1.4420       -1.4240 
   1   H10       -3.8030       -1.9500       -0.4810 
   6    C7       -4.7040       -2.3870       -2.3750 
   1    H8       -4.0860       -3.2500       -2.5790 
   1    H9       -5.6570       -2.7670       -1.9630 
   1    H4       -4.9210       -1.9050       -3.3530 
   1    H5       -4.6720       -0.5830       -1.2210 

