Run semi-empirical minimization
 &qmmm
    qm_theory='AM1', grms_tol=0.0005,
 scfconv=1.d-10, ndiis_attempts=700,   qmcharge=0,
 /
   6    C1       -0.7970        7.5170        2.7790 
   6    C2        1.2720        6.3400        2.4620 
   6    C3        0.5660        7.5480        2.4600 
   6    C4       -1.4310        6.2970        3.1000 
   6    C5        0.6080        5.1400        2.7840 
   6    C6       -0.7640        5.0570        3.1020 
   6    C7       -2.6260        2.5400       -1.3040 
   6    C8       -1.1450        2.1320        5.1770 
   6    C9       -3.0750        2.6520        0.1450 
   6   C10       -1.9660        3.2210        1.0310 
   6   C11       -1.5530        3.5550        4.8190 
   6   C12       -2.4250        3.3340        2.4880 
   6   C13        1.2480        8.8460        2.0920 
   7    N1       -1.3360        3.8040        3.3760 
   7    N2       -2.8300        6.3970        3.4580 
   7    N3        1.4150        3.9370        2.7720 
   8    O1       -3.1150        6.2970        4.6580 
   8    O2       -3.6250        6.6260        2.5380 
   8    O3        1.6030        3.4000        1.6720 
   8    O4        1.9230        3.5940        3.8480 
   9    F1        0.7180        9.9180        2.7400 
   9    F2        2.5760        8.8470        2.3820 
   9    F3        1.1470        9.1160        0.7640 
   1    H1       -1.3720        8.4460        2.7850 
   1    H2        2.3340        6.3250        2.2150 
   1    H3       -1.7590        1.8780       -1.3960 
   1    H4       -3.4330        2.1310       -1.9200 
   1    H5       -2.3540        3.5210       -1.7060 
   1    H6       -1.7570        1.3920        4.6520 
   1    H7       -0.0990        1.9440        4.9170 
   1    H8       -1.2660        1.9650        6.2520 
   1    H9       -3.9600        3.2950        0.1980 
   1   H10       -3.3700        1.6610        0.5070 
   1   H11       -1.0820        2.5750        0.9730 
   1   H12       -1.6700        4.2040        0.6470 
   1   H13       -0.9580        4.2420        5.4340 
   1   H14       -2.6060        3.7110        5.0810 
   1   H15       -2.7420        2.3370        2.8180 
   1   H16       -3.3100        3.9710        2.5680 

