Run semi-empirical minimization
 &qmmm
    qm_theory='AM1', grms_tol=0.0005,
 scfconv=1.d-10, ndiis_attempts=700,   qmcharge=0,
 /
   6    C1       -2.8820       -1.5800       -0.6670 
   6    C2        0.0230       -1.0820       -0.1670 
   6    C3        0.3920       -0.8160       -2.6290 
   6    C4       -1.9630       -0.9780       -1.7030 
   6    C5       -0.5050       -1.4420       -1.5570 
   8    O1       -3.5150       -0.9660        0.1790 
   8    O2       -2.9440       -2.9270       -0.8230 
   1    H1       -0.5800       -1.5590        0.6130 
   1    H2        0.0000        0.0000       -0.0000 
   1    H3        1.0560       -1.4230       -0.0430 
   1    H4        0.3870        0.2780       -2.5620 
   1    H5        1.4260       -1.1550       -2.5130 
   1    H6        0.0640       -1.0940       -3.6350 
   1    H7       -2.3360       -1.2380       -2.7010 
   1    H8       -2.0240        0.1110       -1.5850 
   1    H9       -0.4570       -2.5330       -1.6650 
   1   H10       -3.5550       -3.3420       -0.1770 

