Run semi-empirical minimization
 &qmmm
    qm_theory='AM1', grms_tol=0.0005,
 scfconv=1.d-10, ndiis_attempts=700,   qmcharge=0,
 /
   6    C1        1.8850       -1.0360       -0.1120 
   6    C2        0.8070       -0.4630        0.5610 
   6    C3        2.8780       -1.6520        2.0020 
   6    C4        6.1970       -3.3700       -1.4390 
   6    C5        2.9210       -1.6310        0.6080 
   6    C6        4.0400       -2.2250       -0.0910 
   6    C7        0.7640       -0.4840        1.9550 
   6    C8        1.8000       -1.0790        2.6760 
   6    C9        6.2400       -2.0260       -1.0680 
   6   C10        5.0750       -4.1410       -1.1360 
   6   C11        5.1620       -1.4540       -0.3940 
   6   C12        3.9960       -3.5690       -0.4620 
  17   Cl1       -0.5980        0.2460        2.7310 
  17   Cl2        1.8050       -1.1320        4.4040 
  17   Cl3        7.6660       -1.1340       -1.4780 
  17   Cl4        5.0940       -5.8000       -1.6290 
  17   Cl5        5.2210        0.2240        0.0680 
  17   Cl6        2.5970       -4.5350       -0.0870 
   1    H1        1.9030       -1.0140       -1.2000 
   1    H2        0.0080       -0.0050       -0.0170 
   1    H3        3.6870       -2.1180        2.5630 
   1    H4        7.0390       -3.8170       -1.9650 

