Run semi-empirical minimization
 &qmmm
    qm_theory='AM1', grms_tol=0.0005,
 scfconv=1.d-10, ndiis_attempts=700,   qmcharge=0,
 /
   6    C1        0.3280        0.2590        3.5150 
   6    C2       -1.2620       -1.9840        0.7850 
   6    C3       -0.7520       -0.3450        2.6540 
   6    C4       -0.1900       -1.3680        1.6740 
   8    O1        1.5220        0.0260        3.3740 
   8    O2       -0.1580        1.1130        4.4500 
   1    H1       -1.7240       -1.2320        0.1390 
   1    H2       -2.0470       -2.4530        1.3850 
   1    H3       -0.8210       -2.7520        0.1420 
   1    H4       -1.3180        0.4380        2.1370 
   1    H5       -1.4650       -0.8310        3.3310 
   1    H6        0.2950       -2.1700        2.2410 
   1    H7        0.5790       -0.9080        1.0430 
   1    H8        0.5150        1.5420        5.0190 

