Run semi-empirical minimization
 &qmmm
    qm_theory='AM1', grms_tol=0.0005,
 scfconv=1.d-10, ndiis_attempts=700,   qmcharge=0,
 /
   6    C1        0.8180       -0.4390        0.5640 
   6    C2        0.7990       -0.4060        1.9590 
   6    C3        2.9370       -1.5970        0.6200 
   6    C4        2.9180       -1.5650        2.0140 
   6    C5        1.8870       -1.0340       -0.1050 
   6    C6        1.8500       -0.9690        2.6840 
   6    C7        4.0630       -2.1790        2.7540 
   8    O1        1.9050       -1.0660       -1.4660 
  17   Cl1        1.7920       -0.9100        4.4080 
   1    H1       -0.0030        0.0020        0.0050 
   1    H2       -0.0410        0.0620        2.4650 
   1    H3        3.7680       -2.0600        0.0930 
   1    H4        4.5640       -1.4240        3.3700 
   1    H5        3.7210       -2.9920        3.4050 
   1    H6        4.7960       -2.6090        2.0610 
   1    H7        2.6750       -1.5860       -1.7580 

