Run semi-empirical minimization
 &qmmm
    qm_theory='AM1', grms_tol=0.0005,
 scfconv=1.d-10, ndiis_attempts=700,   qmcharge=0,
 /
   6    C1        0.7400        0.0390        0.8070 
   6    C2        0.2010        0.8940        1.9490 
   6    C3        1.0620       -1.3800        1.2710 
   6    C4        1.1340        0.8900        3.1580 
   6    C5        2.0170       -1.4140        2.4780 
   6    C6        1.4550       -0.5380        3.6250 
   6    C7        3.4430       -1.0420        2.0540 
   6    C8        2.3660       -0.5070        4.8530 
   1    H1        0.0040        0.0030       -0.0040 
   1    H2        1.6430        0.5060        0.3970 
   1    H3        0.0530        1.9230        1.6010 
   1    H4       -0.7830        0.5160        2.2510 
   1    H5        0.1260       -1.8830        1.5450 
   1    H6        1.4910       -1.9500        0.4380 
   1    H7        2.0620        1.4160        2.9020 
   1    H8        0.6670        1.4530        3.9750 
   1    H9        2.0640       -2.4500        2.8370 
   1   H10        0.5110       -0.9950        3.9520 
   1   H11        3.7250       -0.0690        2.4670 
   1   H12        4.1580       -1.7880        2.4140 
   1   H13        3.5190       -0.9890        0.9640 
   1   H14        3.2150        0.1620        4.6840 
   1   H15        1.8170       -0.1530        5.7300 
   1   H16        2.7540       -1.5080        5.0690 

