Run semi-empirical minimization
 &qmmm
    qm_theory='AM1', grms_tol=0.0005,
 scfconv=1.d-10, ndiis_attempts=700,   qmcharge=0,
 /
   6    C1        0.8320       -0.3950        0.5750 
   6    C2        0.8350       -0.2830        1.9660 
   6    C3        2.9710       -1.4090        2.0520 
   6    C4        1.8990       -1.0140       -0.0770 
   6    C5        2.9680       -1.5200        0.6620 
   6    C6        1.9040       -0.7900        2.7040 
   6    C7        1.8740       -1.1210       -1.5660 
   6    C8        4.1200       -2.1880       -0.0140 
   8    O1        1.9070       -0.6790        4.0610 
   1    H1       -0.0050        0.0030        0.0090 
   1    H2        0.0010        0.2010        2.4670 
   1    H3        3.8030       -1.8030        2.6310 
   1    H4        2.0530       -2.1580       -1.8750 
   1    H5        0.9070       -0.7980       -1.9710 
   1    H6        2.6410       -0.4840       -2.0230 
   1    H7        4.8840       -2.4650        0.7220 
   1    H8        3.8000       -3.0940       -0.5430 
   1    H9        4.5780       -1.5280       -0.7620 
   1   H10        1.2270       -0.0330        4.3250 

