Run semi-empirical minimization
 &qmmm
    qm_theory='AM1', grms_tol=0.0005,
 scfconv=1.d-10, ndiis_attempts=700,   qmcharge=0,
 /
   6    C1        0.5940        2.3290        0.6860 
   6    C2        1.4190        4.1120       -1.6700 
   6    C3        1.7280        2.0730       -3.0800 
   6    C4        3.1400        2.4150       -1.0370 
   6    C5        0.6590        1.9010       -0.7750 
   6    C6        1.7370        2.6050       -1.6380 
   1    H1        0.3640        3.3930        0.7860 
   1    H2       -0.1970        1.7730        1.2000 
   1    H3        1.5320        2.1230        1.2100 
   1    H4        1.4290        4.5410       -0.6610 
   1    H5        0.4300        4.2990       -2.1030 
   1    H6        2.1540        4.6610       -2.2710 
   1    H7        2.0360        1.0230       -3.1280 
   1    H8        0.7300        2.1520       -3.5240 
   1    H9        2.4190        2.6410       -3.7140 
   1   H10        3.1700        2.7440        0.0080 
   1   H11        3.8870        2.9960       -1.5900 
   1   H12        3.4580        1.3680       -1.0700 
   1   H13       -0.3300        2.0710       -1.2220 
   1   H14        0.8240        0.8160       -0.8030 

