Run semi-empirical minimization
 &qmmm
    qm_theory='AM1', grms_tol=0.0005,
 scfconv=1.d-10, ndiis_attempts=700,   qmcharge=0,
 /
   6    C1       -0.5080       -0.4810        0.8470 
   6    C2       -2.4260       -3.7020        0.5510 
   6    C3       -2.7380       -0.6450        2.9740 
   6    C4       -4.3190       -1.3070        1.1670 
   6    C5       -1.9970       -0.5980        0.5480 
   6    C6       -2.3930       -2.8310        1.8010 
   6    C7       -2.8410       -1.3570        1.6080 
   1    H1       -0.3240        0.0580        1.7810 
   1    H2       -0.0130        0.0760        0.0450 
   1    H3       -0.0280       -1.4620        0.9090 
   1    H4       -2.0990       -4.7180        0.8000 
   1    H5       -3.4350       -3.7760        0.1360 
   1    H6       -1.7550       -3.3240       -0.2250 
   1    H7       -3.0040        0.4140        2.8900 
   1    H8       -1.7260       -0.7060        3.3880 
   1    H9       -3.4160       -1.1000        3.7060 
   1   H10       -4.4580       -1.7290        0.1660 
   1   H11       -4.9590       -1.8650        1.8590 
   1   H12       -4.6850       -0.2740        1.1360 
   1   H13       -2.3990        0.4170        0.4300 
   1   H14       -2.1140       -1.0780       -0.4320 
   1   H15       -1.3760       -2.8600        2.2120 
   1   H16       -3.0310       -3.3050        2.5590 

