Run semi-empirical minimization
 &qmmm
    qm_theory='AM1', grms_tol=0.0005,
 scfconv=1.d-10, ndiis_attempts=700,   qmcharge=0,
 /
   6    C1        4.5900       -2.1530       -1.9050 
   6    C2        2.4150       -2.7090       -2.7590 
   6    C3        3.6460       -3.1310       -2.2470 
   6    C4        4.2980       -0.7830       -2.0820 
   6    C5        2.1560       -1.3340       -2.9200 
   6    C6        3.0680       -0.3130       -2.5800 
   6    C7        1.5320        2.3080        0.6770 
   6    C8        2.8190        3.1290       -5.9430 
   6    C9        1.6310        1.3760       -0.5210 
   6   C10        2.2470        2.5050       -4.6800 
   6   C11        2.6490        1.8890       -1.5430 
   6   C12        3.2970        1.6670       -3.9460 
   6   C13        3.9410       -4.5990       -2.0380 
   7    N1        2.6970        1.0320       -2.7500 
   7    N2        5.3690        0.1300       -1.7420 
   7    N3        0.8620       -0.9860       -3.4700 
   8    O1        5.9920        0.6470       -2.6780 
   8    O2        5.6080        0.2820       -0.5370 
   8    O3       -0.0900       -0.9450       -2.6790 
   8    O4        0.7970       -0.8430       -4.6990 
   9    F1        5.2560       -4.8990       -2.2100 
   9    F2        3.6170       -5.0100       -0.7840 
   9    F3        3.2550       -5.4030       -2.8940 
   1    H1        5.5600       -2.4550       -1.5050 
   1    H2        1.6550       -3.4420       -3.0340 
   1    H3        2.4960        2.3940        1.1880 
   1    H4        1.2140        3.3100        0.3700 
   1    H5        0.7990        1.9260        1.3940 
   1    H6        3.6610        3.7880       -5.7070 
   1    H7        3.1690        2.3590       -6.6370 
   1    H8        2.0540        3.7230       -6.4520 
   1    H9        0.6450        1.2880       -0.9910 
   1   H10        1.9090        0.3770       -0.1660 
   1   H11        1.3860        1.8800       -4.9450 
   1   H12        1.8680        3.3010       -4.0300 
   1   H13        2.3470        2.9000       -1.8400 
   1   H14        3.6370        1.9940       -1.0860 
   1   H15        3.6840        0.9080       -4.6400 
   1   H16        4.1430        2.3010       -3.6540 

