Run semi-empirical minimization
 &qmmm
    qm_theory='AM1', grms_tol=0.0005,
 scfconv=1.d-10, ndiis_attempts=700,   qmcharge=0,
 /
   6    C1        1.2900       -1.6870       -0.3520 
   6    C2        0.9560       -0.4630        0.2260 
   6    C3        2.5180       -2.2840       -0.0640 
   6    C4        1.8480        0.1680        1.0930 
   6    C5        6.8850       -2.2140        2.3150 
   6    C6        7.7770       -1.5830        3.1820 
   6    C7        6.2150        0.2380        3.4720 
   6    C8        3.4160       -1.6540        0.8060 
   6    C9        3.0810       -0.4280        1.3840 
   6   C10        5.6520       -1.6180        2.0240 
   6   C11        5.3170       -0.3920        2.6020 
   6   C12        7.4420       -0.3590        3.7590 
   6   C13        4.7130       -2.2940        1.1040 
   6   C14        4.0190        0.2480        2.3040 
   7    N1        8.3470        0.2760        4.6360 
   8    O1        5.0070       -3.3690        0.5970 
   8    O2        3.7250        1.3230        2.8100 
   1    H1        0.5940       -2.1770       -1.0250 
   1    H2       -0.0010       -0.0010        0.0010 
   1    H3        2.7550       -3.2380       -0.5270 
   1    H4        1.5650        1.1220        1.5300 
   1    H5        7.1690       -3.1680        1.8780 
   1    H6        8.7310       -2.0550        3.4020 
   1    H7        5.9680        1.1940        3.9300 
   1    H8        9.2030       -0.1840        4.8720 
   1    H9        8.0760        1.1300        5.0810 

