@<TRIPOS>MOLECULE
1,2,3,4,7-pentachlorodibenzo-p-dioxin
   22    24     1     0     0
SMALL
wc


@<TRIPOS>ATOM
      1 C1          -3.1490     0.4150     1.2200 ca         1 MOL      -0.027025
      2 C2          -1.8580     0.7400     0.8000 ca         1 MOL      -0.040709
      3 C3          -1.4370    -1.5820     0.2690 ca         1 MOL      -0.009797
      4 C4          -3.5800    -0.9100     1.1630 ca         1 MOL       0.113070
      5 C5          -2.7270    -1.9050     0.6890 ca         1 MOL       0.114446
      6 C6          -5.2390    -2.4980     1.5120 ca         1 MOL       0.134657
      7 C7          -4.3860    -3.4940     1.0380 ca         1 MOL       0.134658
      8 C8          -1.0040    -0.2570     0.3260 ca         1 MOL       0.043367
      9 C9          -6.5290    -2.8210     1.9320 ca         1 MOL       0.094349
     10 C10         -4.8170    -4.8180     0.9820 ca         1 MOL       0.094349
     11 C11         -6.9620    -4.1460     1.8750 ca         1 MOL       0.082226
     12 C12         -6.1070    -5.1430     1.4010 ca         1 MOL       0.082226
     13 O1          -4.8560    -1.1830     1.5850 os         1 MOL      -0.303216
     14 O2          -3.1090    -3.2200     0.6160 os         1 MOL      -0.303162
     15 Cl1          0.5870     0.1500    -0.1890 cl         1 MOL      -0.084240
     16 Cl2         -7.5650    -1.5540     2.5160 cl         1 MOL      -0.079640
     17 Cl3         -3.7250    -6.0320     0.3860 cl         1 MOL      -0.079640
     18 Cl4         -8.5730    -4.5510     2.4000 cl         1 MOL      -0.080908
     19 Cl5         -6.6460    -6.7990     1.3320 cl         1 MOL      -0.080908
     20 H1          -3.8080     1.1960     1.5880 ha         1 MOL       0.065214
     21 H2          -1.5310     1.7760     0.8480 ha         1 MOL       0.063940
     22 H3          -0.7770    -2.3640    -0.0990 ha         1 MOL       0.066744
@<TRIPOS>BOND
     1     1     2 ar  
     2     1     4 ar  
     3     2     8 ar  
     4     3     5 ar  
     5     3     8 ar  
     6     4     5 ar  
     7     4    13 1   
     8     5    14 1   
     9     6     7 ar  
    10     6     9 ar  
    11     6    13 1   
    12     7    10 ar  
    13     7    14 1   
    14     8    15 1   
    15     9    11 ar  
    16     9    16 1   
    17    10    12 ar  
    18    10    17 1   
    19    11    12 ar  
    20    11    18 1   
    21    12    19 1   
    22     1    20 1   
    23     2    21 1   
    24     3    22 1   
@<TRIPOS>SUBSTRUCTURE
     1 MOL         1 TEMP              0 ****  ****    0 ROOT
