Run semi-empirical minimization
 &qmmm
    qm_theory='AM1', grms_tol=0.0005,
 scfconv=1.d-10, ndiis_attempts=700,   qmcharge=0,
 /
   6    C1       -1.7010       -2.1100       -1.3390 
   6    C2       -0.9780        1.2310       -3.2090 
   6    C3       -1.0180       -1.1040       -2.2560 
   6    C4       -1.7160        0.2610       -2.2930 
  17   Cl1       -1.8140        0.9740       -0.6550 
   1    H1       -1.1120       -3.0310       -1.2900 
   1    H2       -2.6990       -2.3740       -1.6980 
   1    H3       -1.7920       -1.7130       -0.3220 
   1    H4       -0.9910        0.8790       -4.2460 
   1    H5       -1.4540        2.2170       -3.1890 
   1    H6        0.0670        1.3550       -2.9050 
   1    H7       -0.9500       -1.5260       -3.2670 
   1    H8        0.0120       -0.9690       -1.9040 
   1    H9       -2.7450        0.1440       -2.6490 

