Run semi-empirical minimization
 &qmmm
    qm_theory='AM1', grms_tol=0.0005,
 scfconv=1.d-10, ndiis_attempts=700,   qmcharge=0,
 /
   6    C1        1.8850       -1.0380       -0.1090 
   6    C2        0.8180       -0.4410        0.5630 
   6    C3        2.9350       -1.6040        0.6140 
   6    C4        0.8010       -0.4100        1.9570 
   6    C5        2.9180       -1.5730        2.0080 
   6    C6        1.8510       -0.9770        2.6800 
   6    C7        1.2300        0.0520        4.8340 
   6    C8        1.8330       -0.9450        4.1340 
   6    C9        2.5270       -2.0550        4.9040 
   1    H1        1.8980       -1.0610       -1.1950 
   1    H2       -0.0000       -0.0000       -0.0000 
   1    H3        3.7650       -2.0680        0.0900 
   1    H4       -0.0380        0.0580        2.4660 
   1    H5        3.7440       -2.0190        2.5580 
   1    H6        1.2260        0.0720        5.9200 
   1    H7        0.7390        0.8810        4.3350 
   1    H8        3.6150       -1.9660        4.8160 
   1    H9        2.2190       -3.0320        4.5150 
   1   H10        2.2850       -2.0440        5.9720 

