Run semi-empirical minimization
 &qmmm
    qm_theory='AM1', grms_tol=0.0005,
 scfconv=1.d-10, ndiis_attempts=700,   qmcharge=0,
 /
   6    C1       -0.5130        0.6360       -0.8560 
   6    C2       -5.4960       -0.0480        0.9780 
   6    C3       -4.2260        0.2000        3.1200 
   6    C4       -1.5840        1.5480       -0.2790 
   6    C5       -2.6300        0.7570        0.5080 
   6    C6       -3.6830        1.6860        1.1180 
   6    C7       -4.7800        0.9410        1.9020 
   1    H1        0.2230        1.2220       -1.4150 
   1    H2        0.0140        0.0980       -0.0610 
   1    H3       -0.9500       -0.1010       -1.5380 
   1    H4       -4.8060       -0.8080        0.5980 
   1    H5       -6.3060       -0.5600        1.5090 
   1    H6       -5.9370        0.4710        0.1200 
   1    H7       -3.4290       -0.4950        2.8340 
   1    H8       -5.0150       -0.3770        3.6150 
   1    H9       -3.8230        0.8960        3.8610 
   1   H10       -2.0680        2.0950       -1.0960 
   1   H11       -1.1090        2.2910        0.3730 
   1   H12       -3.1070        0.0340       -0.1620 
   1   H13       -2.1360        0.1880        1.3050 
   1   H14       -3.1820        2.3890        1.7950 
   1   H15       -4.1410        2.2890        0.3230 
   1   H16       -5.5210        1.6710        2.2520 

