Run semi-empirical minimization
 &qmmm
    qm_theory='AM1', grms_tol=0.0005,
 scfconv=1.d-10, ndiis_attempts=700,   qmcharge=0,
 /
   6    C1        1.4010        2.3970       -0.0000 
   6    C2        2.0920        1.1900        0.0000 
   6    C3        0.0220        2.4050       -0.0000 
   6    C4        0.0000        0.0000        0.0000 
   6    C5        1.3920        0.0000        0.0000 
   6    C6       -0.6780        1.2010        0.0000 
   6    C7        2.1070       -1.3250       -0.0000 
   6    C8       -2.1830        1.2400       -0.0000 
   9    F1        1.7880       -2.0520        1.0620 
   9    F2        3.4220       -1.1840        0.0020 
   9    F3        1.7910       -2.0500       -1.0640 
   9    F4       -2.7170        0.0310        0.0000 
   9    F5       -2.6530        1.8790        1.0630 
   9    F6       -2.6530        1.8780       -1.0630 
   1    H1        1.9450        3.3240        0.0000 
   1    H2        3.1660        1.1850        0.0000 
   1    H3       -0.5130        3.3370        0.0000 
   1    H4       -0.5400       -0.9280        0.0000 

