Run semi-empirical minimization
 &qmmm
    qm_theory='AM1', grms_tol=0.0005,
 scfconv=1.d-10, ndiis_attempts=700,   qmcharge=0,
 /
   6    C1       -2.0710        1.2980        2.4500 
   6    C2       -0.8820        0.5300        0.3730 
   6    C3       -2.8770        1.8000        5.9870 
   6    C4       -0.8820        0.5510        1.8920 
   6    C5       -3.0830        1.9320        4.4930 
   8    O1       -2.9380        1.8440        1.7810 
   8    O2       -2.0160        1.2610        3.8140 
   1    H1       -0.8510        1.5460       -0.0340 
   1    H2       -0.0090       -0.0150        0.0000 
   1    H3       -1.7820        0.0420       -0.0130 
   1    H4       -3.6770        2.3040        6.5360 
   1    H5       -2.8540        0.7460        6.2820 
   1    H6       -1.9170        2.2360        6.2830 
   1    H7        0.0310        1.0390        2.2480 
   1    H8       -0.9100       -0.4770        2.2680 
   1    H9       -3.0830        2.9850        4.1960 
   1   H10       -4.0320        1.4760        4.1940 

