Run semi-empirical minimization
 &qmmm
    qm_theory='AM1', grms_tol=0.0005,
 scfconv=1.d-10, ndiis_attempts=700,   qmcharge=0,
 /
   6    C1        0.6570       -0.6720        0.5620 
   6    C2        0.0260       -1.0250        1.9000 
   6    C3        0.9420       -1.9260        2.7290 
   6    C4        0.2900       -2.3070        4.0610 
   6    C5        1.2210       -3.1860        4.9020 
   6    C6        0.5870       -3.6600        6.2060 
  17   Cl1        0.1400       -2.3010        7.2630 
   1    H1        1.6030       -0.1390        0.7030 
   1    H2       -0.0140       -0.0270       -0.0140 
   1    H3        0.8540       -1.5720       -0.0280 
   1    H4       -0.1870       -0.1020        2.4520 
   1    H5       -0.9320       -1.5280        1.7250 
   1    H6        1.8910       -1.4110        2.9190 
   1    H7        1.1750       -2.8350        2.1610 
   1    H8       -0.6470       -2.8430        3.8700 
   1    H9        0.0340       -1.3930        4.6100 
   1   H10        2.1520       -2.6470        5.1140 
   1   H11        1.4960       -4.0720        4.3160 
   1   H12       -0.3140       -4.2500        6.0160 
   1   H13        1.2940       -4.2830        6.7620 

