Run semi-empirical minimization
 &qmmm
    qm_theory='AM1', grms_tol=0.0005,
 scfconv=1.d-10, ndiis_attempts=700,   qmcharge=0,
 /
   6    C1        1.0480        0.0900       -0.1320 
   6    C2        1.5530        1.5130        0.0480 
   6    C3        0.8700        2.4770       -0.9210 
   6    C4        1.3510        3.9010       -0.7040 
   7    N1        0.6060        4.7770       -1.6220 
   8    O1       -0.4510        5.2850       -1.2080 
   8    O2        1.0900        4.9710       -2.7510 
   1    H1        1.5500       -0.5820        0.5710 
   1    H2       -0.0300        0.0300        0.0510 
   1    H3        1.2450       -0.2710       -1.1470 
   1    H4        1.3700        1.8310        1.0810 
   1    H5        2.6370        1.5320       -0.1110 
   1    H6        1.0720        2.1660       -1.9550 
   1    H7       -0.2190        2.4240       -0.7870 
   1    H8        1.1470        4.2640        0.3070 
   1    H9        2.4100        4.0280       -0.9430 

