Run semi-empirical minimization
 &qmmm
    qm_theory='AM1', grms_tol=0.0005,
 scfconv=1.d-10, ndiis_attempts=700,   qmcharge=0,
 /
   6    C1       -0.4850       -0.3530        0.9150 
   6    C2       -0.1540       -1.8160        1.1640 
   6    C3       -0.6070        0.0150        3.2350 
   6    C4       -0.2750       -1.4480        3.4840 
   8    O1       -0.0130        0.4410        2.0060 
   8    O2       -0.7470       -2.2420        2.3930 
   1    H1        0.0000       -0.0000       -0.0000 
   1    H2       -1.5660       -0.2030        0.8120 
   1    H3       -0.5490       -2.4420        0.3580 
   1    H4        0.9290       -1.9730        1.2230 
   1    H5       -1.6900        0.1710        3.1750 
   1    H6       -0.2120        0.6410        4.0410 
   1    H7        0.8060       -1.5980        3.5860 
   1    H8       -0.7600       -1.8010        4.3990 

