Run semi-empirical minimization
 &qmmm
    qm_theory='AM1', grms_tol=0.0005,
 scfconv=1.d-10, ndiis_attempts=700,   qmcharge=0,
 /
   6    C1        1.7830       -1.3580        0.9180 
   6    C2        1.1440       -1.8870        2.1930 
   6    C3       -0.1230       -1.1070        2.5460 
   6    C4       -0.7660       -1.5520        3.8620 
   6    C5       -2.0460       -0.7900        4.2020 
   6    C6       -2.6300       -1.2440        5.5330 
   8    O1       -3.8210       -0.5120        5.7860 
   1    H1        2.6850       -1.9320        0.6800 
   1    H2        1.0950       -1.4410        0.0710 
   1    H3        2.0690       -0.3070        1.0280 
   1    H4        1.8670       -1.8140        3.0140 
   1    H5        0.9120       -2.9480        2.0540 
   1    H6       -0.8520       -1.1960        1.7310 
   1    H7        0.1250       -0.0410        2.6310 
   1    H8       -0.0360       -1.4010        4.6670 
   1    H9       -0.9750       -2.6280        3.8230 
   1   H10       -2.8000       -0.9280        3.4190 
   1   H11       -1.8470        0.2880        4.2420 
   1   H12       -2.8750       -2.3110        5.5080 
   1   H13       -1.9270       -1.0590        6.3520 
   1   H14       -3.9590        0.0710        5.0220 

