Run semi-empirical minimization
 &qmmm
    qm_theory='AM1', grms_tol=0.0005,
 scfconv=1.d-10, ndiis_attempts=700,   qmcharge=0,
 /
   6    C1        1.2860       -0.0600        1.7330 
   6    C2        0.1840       -0.4390        0.9740 
   6    C3        1.4970       -0.6400        2.9790 
   6    C4       -0.6700       -1.3940        1.5010 
   6    C5        0.5840       -1.5860        3.4170 
   6    C6       -1.8620       -1.8240        0.7140 
   6    C7        0.7790       -2.2290        4.7500 
   7    N1       -0.4980       -1.9790        2.7080 
   1    H1        1.9790        0.6850        1.3550 
   1    H2        0.0090        0.0060        0.0000 
   1    H3        2.3520       -0.3530        3.5820 
   1    H4       -2.2340       -2.7880        1.0810 
   1    H5       -2.6720       -1.0880        0.7840 
   1    H6       -1.6180       -1.9280       -0.3510 
   1    H7        1.5650       -1.7110        5.3110 
   1    H8       -0.1450       -2.2060        5.3410 
   1    H9        1.0630       -3.2840        4.6440 

