Run semi-empirical minimization
 &qmmm
    qm_theory='AM1', grms_tol=0.0005,
 scfconv=1.d-10, ndiis_attempts=700,   qmcharge=0,
 /
   6    C1        1.8850       -1.0380       -0.1090 
   6    C2        0.8180       -0.4410        0.5630 
   6    C3        2.9350       -1.6040        0.6140 
   6    C4        0.8010       -0.4100        1.9570 
   6    C5        2.9180       -1.5730        2.0080 
   6    C6        1.8510       -0.9770        2.6800 
   6    C7        2.5110        0.3170        4.7400 
   6    C8        2.4630       -2.2030        4.7950 
   6    C9        1.8330       -0.9440        4.1710 
   1    H1        1.8980       -1.0610       -1.1950 
   1    H2        0.0000        0.0000       -0.0000 
   1    H3        3.7650       -2.0680        0.0910 
   1    H4       -0.0350        0.0570        2.4720 
   1    H5        3.7400       -2.0170        2.5630 
   1    H6        3.5790        0.3440        4.4990 
   1    H7        2.4160        0.3650        5.8300 
   1    H8        2.0510        1.2200        4.3230 
   1    H9        1.9700       -3.1050        4.4160 
   1   H10        2.3640       -2.2010        5.8860 
   1   H11        3.5300       -2.2800        4.5590 
   1   H12        0.7870       -0.9160        4.5330 

