Run semi-empirical minimization
 &qmmm
    qm_theory='AM1', grms_tol=0.0005,
 scfconv=1.d-10, ndiis_attempts=700,   qmcharge=0,
 /
   6    C1       -3.1490        0.4150        1.2200 
   6    C2       -1.8580        0.7400        0.8000 
   6    C3       -1.4370       -1.5820        0.2690 
   6    C4       -4.8170       -4.8180        0.9820 
   6    C5       -3.5800       -0.9100        1.1630 
   6    C6       -2.7270       -1.9050        0.6890 
   6    C7       -4.3860       -3.4940        1.0380 
   6    C8       -5.2390       -2.4980        1.5120 
   6    C9       -1.0040       -0.2570        0.3260 
   6   C10       -6.1070       -5.1430        1.4010 
   6   C11       -6.5290       -2.8210        1.9320 
   6   C12       -6.9620       -4.1460        1.8750 
   8    O1       -4.8560       -1.1830        1.5850 
   8    O2       -3.1090       -3.2200        0.6160 
  17   Cl1        0.5870        0.1500       -0.1900 
  17   Cl2       -6.5770       -6.8060        1.3030 
  17   Cl3       -7.5660       -1.5560        2.5170 
  17   Cl4       -8.5680       -4.5650        2.3960 
   1    H1       -3.8080        1.1960        1.5870 
   1    H2       -1.5310        1.7760        0.8480 
   1    H3       -0.7760       -2.3630       -0.0990 
   1    H4       -4.1430       -5.5870        0.6100 

