Run semi-empirical minimization
 &qmmm
    qm_theory='AM1', grms_tol=0.0005,
 scfconv=1.d-10, ndiis_attempts=700,   qmcharge=0,
 /
   6    C1        4.8260        0.3920        6.2160 
   6    C2        4.8940       -0.8690        5.6230 
   6    C3        3.6490        1.1360        6.1390 
   6    C4        3.7850       -1.3850        4.9520 
   6    C5        2.5400        0.6210        5.4690 
   6    C6        2.1630       -1.4950        0.6430 
   6    C7        2.3250       -1.9620        1.9260 
   6    C8        1.0110       -0.1940        1.8710 
   6    C9        2.6080       -0.6400        4.8750 
   6   C10        1.4220       -1.1910        4.1580 
   7    N1        1.3450       -0.3940        0.6160 
   7    N2        1.5810       -1.1180        2.7020 
   1    H1        5.6890        0.7930        6.7390 
   1    H2        5.8100       -1.4490        5.6830 
   1    H3        3.5950        2.1170        6.6020 
   1    H4        3.8470       -2.3670        4.4920 
   1    H5        1.6270        1.2080        5.4140 
   1    H6        2.5950       -1.8960       -0.2620 
   1    H7        2.8840       -2.7910        2.3380 
   1    H8        0.3670        0.5950        2.2360 
   1    H9        1.2370       -2.2440        4.4210 
   1   H10        0.4980       -0.6500        4.4190 

