Run semi-empirical minimization
 &qmmm
    qm_theory='AM1', grms_tol=0.0005,
 scfconv=1.d-10, ndiis_attempts=700,   qmcharge=0,
 /
   6    C1        2.9200       -1.5220        1.0970 
   6    C2        0.7040       -0.4120        0.7310 
   6    C3        2.5940        0.0300       -0.8450 
   6    C4        1.4940       -2.2150       -0.8430 
   6    C5        3.1760       -2.9930        2.9350 
   6    C6        1.9240       -1.0340        0.0390 
   8    O1        4.0730       -1.1200        1.2000 
   8    O2        2.3400       -2.4610        1.9030 
   1    H1        1.0050        0.3980        1.4050 
   1    H2        0.0000        0.0000       -0.0000 
   1    H3        0.1620       -1.1490        1.3330 
   1    H4        2.9230        0.8900       -0.2500 
   1    H5        1.9060        0.4000       -1.6140 
   1    H6        3.4780       -0.3730       -1.3520 
   1    H7        0.9620       -2.9780       -0.2650 
   1    H8        0.8280       -1.8860       -1.6480 
   1    H9        2.3640       -2.7010       -1.3000 
   1   H10        4.1360       -2.4710        2.9330 
   1   H11        3.3300       -4.0610        2.7660 
   1   H12        2.6860       -2.8460        3.9010 

