Run semi-empirical minimization
 &qmmm
    qm_theory='AM1', grms_tol=0.0005,
 scfconv=1.d-10, ndiis_attempts=700,   qmcharge=0,
 /
   6    C1        4.1060       -2.9700        1.6070 
   6    C2        4.7150       -4.2060        1.5170 
   6    C3        3.0740       -2.9250        2.5250 
   6    C4        3.3770       -5.0890        3.2040 
   6    C5        1.3230       -1.5740        1.8730 
   6    C6        4.4710       -1.8090        0.7420 
   6    C7        5.8220       -4.4780        0.5410 
   6    C8        3.4610       -7.4580        3.5320 
   6    C9        1.7060       -6.0790        4.6020 
   6   C10       -0.6950       -0.2610        1.4550 
   6   C11        0.6980        0.2670        3.4290 
   7    N1        4.3650       -5.2470        2.3070 
   7    N2        2.7210       -3.9320        3.3440 
   7    N3        3.0440       -6.1610        4.0380 
   7    N4        0.5470       -0.4560        2.1790 
   8    O1        1.0890       -2.3070        0.9150 
   8    O2        2.3860       -1.7300        2.7460 
   1    H1        3.9650       -1.8860       -0.2250 
   1    H2        4.1960       -0.8560        1.2040 
   1    H3        5.5520       -1.7640        0.5740 
   1    H4        6.7060       -3.8840        0.7920 
   1    H5        6.1100       -5.5340        0.5640 
   1    H6        5.5010       -4.2430       -0.4790 
   1    H7        3.1890       -8.2480        4.2420 
   1    H8        4.5490       -7.5160        3.4130 
   1    H9        2.9790       -7.6910        2.5750 
   1   H10        1.5180       -6.9360        5.2580 
   1   H11        0.9390       -6.0850        3.8190 
   1   H12        1.5810       -5.1840        5.2230 
   1   H13       -1.5100       -0.7100        2.0300 
   1   H14       -0.6610       -0.7250        0.4660 
   1   H15       -0.8770        0.8110        1.3340 
   1   H16        0.4020        1.3100        3.2820 
   1   H17        1.7310        0.2490        3.7850 
   1   H18        0.0530       -0.1970        4.1810 

