Run semi-empirical minimization
 &qmmm
    qm_theory='AM1', grms_tol=0.0005,
 scfconv=1.d-10, ndiis_attempts=700,   qmcharge=0,
 /
   6    C1        1.1670        0.3570        1.5410 
   6    C2        5.3350       -2.5700       -3.2050 
   6    C3       -1.1850       -2.5900       -9.0760 
   6    C4       -6.0990       -0.8070       -5.9280 
   6    C5        0.8850       -0.8640        0.6890 
   6    C6        3.9840       -3.0690       -2.7370 
   6    C7       -1.3300       -3.0330       -7.6350 
   6    C8       -5.0640       -1.9090       -5.8320 
   6    C9       -0.1420       -1.7590       -3.5320 
   8    O1        2.0700       -1.2070       -0.0130 
   8    O2        3.5540       -2.2560       -1.6570 
   8    O3       -2.4080       -2.3190       -7.0510 
   8    O4       -3.8760       -1.3640       -5.2830 
  15    P1        1.9600       -2.1010       -1.3670 
  15    P2       -2.4750       -2.1760       -5.4330 
  16    S1        1.0820       -3.8170       -1.0680 
  16    S2       -2.5910       -3.8940       -4.5220 
  16    S3        1.2360       -0.8080       -2.8610 
  16    S4       -0.9590       -0.8390       -4.8510 
   1    H1        1.9860        0.1590        2.2410 
   1    H2        1.4800        1.2000        0.9160 
   1    H3        0.2800        0.6500        2.1090 
   1    H4        5.2660       -1.5290       -3.5370 
   1    H5        6.0620       -2.5960       -2.3870 
   1    H6        5.7120       -3.1800       -4.0320 
   1    H7       -2.1120       -2.7710       -9.6310 
   1    H8       -0.9860       -1.5150       -9.1300 
   1    H9       -0.3680       -3.1260       -9.5690 
   1   H10       -6.2980       -0.3770       -4.9410 
   1   H11       -5.7360        0.0080       -6.5630 
   1   H12       -7.0370       -1.1870       -6.3430 
   1   H13        0.0710       -0.6510       -0.0110 
   1   H14        0.5940       -1.7040        1.3270 
   1   H15        4.0660       -4.1030       -2.3910 
   1   H16        3.2660       -3.0280       -3.5620 
   1   H17       -0.4010       -2.8410       -7.0900 
   1   H18       -1.5480       -4.1050       -7.5940 
   1   H19       -4.8730       -2.3280       -6.8240 
   1   H20       -5.4280       -2.7050       -5.1750 
   1   H21       -0.8630       -1.9700       -2.7390 
   1   H22        0.2330       -2.7050       -3.9280 

