Run semi-empirical minimization
 &qmmm
    qm_theory='AM1', grms_tol=0.0005,
 scfconv=1.d-10, ndiis_attempts=700,   qmcharge=0,
 /
   6    C1        0.5950       -1.0180       -2.9610 
   6    C2       -0.8350       -1.1670       -3.4590 
   6    C3       -1.7300       -1.8130       -2.4010 
   6    C4       -3.1850       -1.9730       -2.8510 
   6    C5       -4.0650       -2.6860       -1.8210 
   6    C6       -5.5000       -2.8390       -2.3300 
   6    C7       -6.3750       -3.5800       -1.3180 
   6    C8       -7.7870       -3.7640       -1.8470 
  35   Br1       -8.8810       -4.6590       -0.5090 
   1    H1        1.0290       -1.9940       -2.7180 
   1    H2        1.2180       -0.5510       -3.7300 
   1    H3        0.6340       -0.3910       -2.0640 
   1    H4       -0.8360       -1.7750       -4.3710 
   1    H5       -1.2160       -0.1750       -3.7270 
   1    H6       -1.3370       -2.8080       -2.1590 
   1    H7       -1.6940       -1.2260       -1.4760 
   1    H8       -3.6090       -0.9890       -3.0820 
   1    H9       -3.1920       -2.5470       -3.7860 
   1   H10       -4.0780       -2.1210       -0.8820 
   1   H11       -3.6460       -3.6750       -1.6010 
   1   H12       -5.9270       -1.8480       -2.5290 
   1   H13       -5.4960       -3.3860       -3.2810 
   1   H14       -6.3980       -3.0190       -0.3740 
   1   H15       -5.9280       -4.5570       -1.0930 
   1   H16       -8.2720       -2.8070       -2.0590 
   1   H17       -7.8100       -4.3920       -2.7410 

