Run semi-empirical minimization
 &qmmm
    qm_theory='AM1', grms_tol=0.0005,
 scfconv=1.d-10, ndiis_attempts=700,   qmcharge=0,
 /
   6    C1       -0.6400        0.2430        3.4650 
   6    C2        3.6760       -0.0440        1.1400 
   6    C3        0.0820        0.3850        2.1350 
   6    C4        2.1910        0.2440        0.9990 
   7    N1        1.5070        0.1160        2.2790 
   1    H1       -0.5400       -0.7720        3.8640 
   1    H2       -0.2450        0.9440        4.2080 
   1    H3       -1.7070        0.4520        3.3390 
   1    H4        4.1520        0.6580        1.8330 
   1    H5        3.8510       -1.0600        1.5080 
   1    H6        4.1720        0.0530        0.1690 
   1    H7       -0.0570        1.3970        1.7430 
   1    H8       -0.3440       -0.3110        1.4050 
   1    H9        1.7440       -0.4510        0.2810 
   1   H10        2.0430        1.2570        0.6110 
   1   H11        1.9070        0.7790        2.9410 

