Run semi-empirical minimization
 &qmmm
    qm_theory='AM1', grms_tol=0.0005,
 scfconv=1.d-10, ndiis_attempts=700,   qmcharge=0,
 /
   6    C1        0.8180       -0.4390        0.5640 
   6    C2        0.7990       -0.4060        1.9590 
   6    C3        2.9370       -1.5970        0.6200 
   6    C4        1.8870       -1.0340       -0.1050 
   6    C5        2.9180       -1.5650        2.0140 
   6    C6        1.8500       -0.9690        2.6840 
   6    C7        1.9060       -1.0690       -1.5960 
   6    C8        4.0520       -2.1710        2.7740 
   8    O1        1.8160       -0.9290        4.0450 
   1    H1       -0.0050        0.0020        0.0080 
   1    H2       -0.0360        0.0590        2.4740 
   1    H3        3.7700       -2.0610        0.0970 
   1    H4        2.1010       -2.0880       -1.9520 
   1    H5        0.9490       -0.7310       -2.0150 
   1    H6        2.6820       -0.4050       -2.0000 
   1    H7        4.5550       -1.4080        3.3790 
   1    H8        3.7010       -2.9690        3.4400 
   1    H9        4.7880       -2.6210        2.0960 
   1   H10        1.1580       -0.2660        4.3230 

