Run semi-empirical minimization
 &qmmm
    qm_theory='AM1', grms_tol=0.0005,
 scfconv=1.d-10, ndiis_attempts=700,   qmcharge=0,
 /
   6    C1        0.3470       -1.0290        0.0270 
   6    C2       -0.5380       -2.0540        0.3450 
   6    C3        1.6820       -1.3210       -0.2570 
   6    C4       -0.0920       -3.3760        0.3810 
   6    C5        3.4870       -2.9580       -0.5090 
   6    C6        3.0470       -5.3050       -0.1550 
   6    C7        2.1480       -2.6450       -0.2260 
   6    C8        1.2470       -3.6880        0.0980 
   6    C9        3.9330       -4.2790       -0.4730 
   6   C10        1.7130       -5.0130        0.1290 
   6   C11        5.3590       -4.5930       -0.7770 
   6   C12        0.8140       -6.1630        0.4640 
   1    H1       -0.0000       -0.0000       -0.0010 
   1    H2       -1.5770       -1.8260        0.5660 
   1    H3        2.3560       -0.5030       -0.5030 
   1    H4       -0.8140       -4.1490        0.6330 
   1    H5        4.1900       -2.1650       -0.7600 
   1    H6        3.3980       -6.3340       -0.1290 
   1    H7        5.9850       -4.4200        0.1070 
   1    H8        5.4790       -5.6380       -1.0900 
   1    H9        5.7370       -3.9710       -1.5990 
   1   H10        1.1580       -6.6540        1.3790 
   1   H11       -0.2170       -5.8240        0.6110 
   1   H12        0.7990       -6.8980       -0.3480 

