Run semi-empirical minimization
 &qmmm
    qm_theory='AM1', grms_tol=0.0005,
 scfconv=1.d-10, ndiis_attempts=700,   qmcharge=0,
 /
   6    C1       -1.3190       -2.1660       -5.8600 
   6    C2       -0.8360       -1.5100       -7.1180 
   6    C3       -2.1890       -1.7200       -0.7220 
   6    C4       -0.2100       -3.2510       -0.7600 
   6    C5       -0.3810       -1.3240       -2.4190 
   6    C6       -1.1140       -2.0990       -3.5070 
   6    C7       -0.6860       -1.8170       -0.9950 
   8    O1       -2.1140       -3.0960       -5.8340 
   8    O2       -0.7410       -1.5710       -4.7730 
   1    H1        0.2470       -1.6260       -7.2050 
   1    H2       -1.1110       -0.4520       -7.1130 
   1    H3       -1.3090       -1.9880       -7.9810 
   1    H4       -2.4200       -2.0310        0.3020 
   1    H5       -2.7590       -2.3570       -1.4070 
   1    H6       -2.5410       -0.6900       -0.8440 
   1    H7       -0.6460       -3.9390       -1.4920 
   1    H8       -0.4950       -3.5960        0.2400 
   1    H9        0.8800       -3.3250       -0.8290 
   1   H10        0.6990       -1.3960       -2.6080 
   1   H11       -0.6210       -0.2570       -2.5130 
   1   H12       -0.8430       -3.1600       -3.4800 
   1   H13       -2.1980       -2.0030       -3.4060 
   1   H14       -0.1720       -1.1630       -0.2790 

