Run semi-empirical minimization
 &qmmm
    qm_theory='AM1', grms_tol=0.0005,
 scfconv=1.d-10, ndiis_attempts=700,   qmcharge=0,
 /
   6    C1        1.8850       -1.0360       -0.1120 
   6    C2       -2.3430       -0.0640       -1.4170 
   6    C3        0.8070       -0.4630        0.5610 
   6    C4       -0.2450        0.1410       -0.2380 
   6    C5        2.9210       -1.6310        0.6080 
   6    C6       -1.3280       -0.6340       -0.6500 
   6    C7       -2.2750        1.2840       -1.7730 
   6    C8        0.7640       -0.4840        1.9550 
   6    C9       -0.1760        1.4890       -0.5940 
   6   C10        2.8780       -1.6520        2.0020 
   6   C11       -1.1910        2.0590       -1.3610 
   6   C12        1.8000       -1.0790        2.6760 
  17   Cl1        4.2240       -2.3210       -0.2990 
  17   Cl2       -1.4740       -2.3110       -0.2430 
  17   Cl3       -3.5720        1.9190       -2.7270 
  17   Cl4       -0.5920        0.2390        2.7760 
  17   Cl5        1.1820        2.4490       -0.0740 
  17   Cl6        4.1780       -2.3990        2.8880 
  17   Cl7       -1.1180        3.7390       -1.8120 
  17   Cl8        1.7450       -1.1030        4.4170 
   1    H1        1.9180       -1.0200       -1.2010 
   1    H2       -3.1880       -0.6700       -1.7380 

