Run semi-empirical minimization
 &qmmm
    qm_theory='AM1', grms_tol=0.0005,
 scfconv=1.d-10, ndiis_attempts=700,   qmcharge=0,
 /
   6    C1        1.4390        1.3910       -0.6400 
   6    C2        1.0590        0.2350       -0.0760 
   6    C3        0.4860        2.3970       -1.1950 
   6    C4        2.5670       -2.2830        4.0330 
   6    C5        2.0180       -0.7780        0.4790 
   6    C6        2.8010       -2.0580        2.5470 
   6    C7        1.8090       -1.0430        1.9740 
   1    H1        2.4960        1.6330       -0.7070 
   1    H2        0.0010       -0.0070       -0.0130 
   1    H3        0.6880        2.5540       -2.2590 
   1    H4        0.6110        3.3530       -0.6770 
   1    H5       -0.5570        2.0840       -1.0890 
   1    H6        2.6830       -1.3500        4.5940 
   1    H7        1.5610       -2.6720        4.2180 
   1    H8        3.2880       -3.0070        4.4250 
   1    H9        1.8700       -1.7170       -0.0680 
   1   H10        3.0570       -0.4740        0.3030 
   1   H11        2.7020       -3.0140        2.0200 
   1   H12        3.8300       -1.7110        2.4010 
   1   H13        0.7880       -1.4200        2.1160 
   1   H14        1.8790       -0.1020        2.5330 

