Run semi-empirical minimization
 &qmmm
    qm_theory='AM1', grms_tol=0.0005,
 scfconv=1.d-10, ndiis_attempts=700,   qmcharge=0,
 /
   6    C1        1.0010       -0.0190       -0.3650 
   6    C2        1.4150        1.2880       -1.0210 
   6    C3        0.4960        1.6440       -2.1900 
   6    C4        0.8960        2.9760       -2.8210 
   7    N1        0.0210        3.2870       -3.9460 
   1    H1        1.6720       -0.2550        0.4680 
   1    H2       -0.0190        0.0440        0.0280 
   1    H3        1.0430       -0.8480       -1.0790 
   1    H4        1.3930        2.0890       -0.2730 
   1    H5        2.4490        1.2010       -1.3740 
   1    H6        0.5380        0.8480       -2.9440 
   1    H7       -0.5420        1.6970       -1.8350 
   1    H8        0.8350        3.7810       -2.0800 
   1    H9        1.9310        2.9290       -3.1770 
   1   H10       -0.2060        4.2780       -3.9260 
   1   H11       -0.8570        2.7880       -3.8320 

