Run semi-empirical minimization
 &qmmm
    qm_theory='AM1', grms_tol=0.0005,
 scfconv=1.d-10, ndiis_attempts=700,   qmcharge=0,
 /
   6    C1        0.1160       -0.6030        0.9140 
   6    C2        4.2860       -1.3370        2.5310 
   6    C3        3.1820        0.3310        4.0430 
   6    C4        3.1490       -2.1000        4.6200 
   6    C5        1.4840       -0.3500        1.5310 
   6    C6        1.7430       -1.2970        2.7080 
   6    C7        3.0860       -1.0880        3.4590 
   1    H1       -0.6810       -0.4430        1.6470 
   1    H2       -0.0530        0.0800        0.0750 
   1    H3        0.0380       -1.6280        0.5380 
   1    H4        4.2220       -2.3220        2.0570 
   1    H5        4.3490       -0.5840        1.7380 
   1    H6        5.2290       -1.2970        3.0880 
   1    H7        4.0810        0.4410        4.6610 
   1    H8        2.3160        0.5580        4.6740 
   1    H9        3.2370        1.0910        3.2570 
   1   H10        3.0980       -3.1300        4.2510 
   1   H11        4.0800       -1.9960        5.1880 
   1   H12        2.3170       -1.9540        5.3180 
   1   H13        2.2450       -0.4850        0.7560 
   1   H14        1.5290        0.6930        1.8610 
   1   H15        1.7000       -2.3300        2.3390 
   1   H16        0.9160       -1.1950        3.4250 

