Run semi-empirical minimization
 &qmmm
    qm_theory='AM1', grms_tol=0.0005,
 scfconv=1.d-10, ndiis_attempts=700,   qmcharge=0,
 /
   6    C1        3.0990       -1.7440        0.1850 
   6    C2        1.9830       -1.0940       -0.3420 
   6    C3        3.2450       -1.8690        1.5660 
   6    C4        1.0130       -0.5690        0.5120 
   6    C5        2.2760       -1.3450        2.4210 
   6    C6        1.1600       -0.6940        1.8940 
   6    C7       -0.9020        0.4730        2.0990 
   8    O1        2.4300       -1.4720        3.7680 
   8    O2        0.2060       -0.1760        2.7180 
   1    H1        3.8540       -2.1530       -0.4810 
   1    H2        1.8690       -0.9960       -1.4180 
   1    H3        4.1170       -2.3770        1.9700 
   1    H4        0.1470       -0.0620        0.0950 
   1    H5       -1.5870        0.8390        2.8680 
   1    H6       -1.4190       -0.2330        1.4430 
   1    H7       -0.5360        1.3160        1.5080 
   1    H8        3.2540       -1.9460        3.9670 

