Run semi-empirical minimization
 &qmmm
    qm_theory='AM1', grms_tol=0.0005,
 scfconv=1.d-10, ndiis_attempts=700,   qmcharge=0,
 /
   6    C1        0.9440        0.3050        0.2520 
   6    C2        1.1780        1.2380        1.1820 
   6    C3       -1.0760        2.5860        5.4620 
   6    C4        0.1110        2.0900        1.8030 
   6    C5       -1.0220        2.7710        3.9540 
   6    C6        0.0870        1.9290        3.3250 
   1    H1        1.7610       -0.2750       -0.1620 
   1    H2       -0.0590        0.1040       -0.1100 
   1    H3        2.2020        1.4030        1.5070 
   1    H4       -1.2680        1.5400        5.7220 
   1    H5       -1.8780        3.1950        5.8910 
   1    H6       -0.1330        2.8880        5.9290 
   1    H7       -0.8740        1.8410        1.3910 
   1    H8        0.3090        3.1370        1.5440 
   1    H9       -1.9910        2.4930        3.5230 
   1   H10       -0.8580        3.8320        3.7280 
   1   H11        1.0560        2.2260        3.7460 
   1   H12       -0.0640        0.8730        3.5830 

