Run semi-empirical minimization
 &qmmm
    qm_theory='AM1', grms_tol=0.0005,
 scfconv=1.d-10, ndiis_attempts=700,   qmcharge=0,
 /
   6    C1        2.7760       -3.6120        4.1800 
   6    C2        1.4480       -1.7920        4.1040 
   6    C3        1.1920       -3.3150        5.7210 
   6    C4        5.0740       -5.3440        1.8490 
   6    C5        0.3950        1.0380        1.9010 
   6    C6        2.6300       -0.0410        1.7480 
   6    C7        0.5280       -1.3650        1.2480 
   6    C8       -0.1600       -2.3470        7.9010 
   6    C9        3.9700       -4.3790        2.2490 
   6   C10        1.1620       -0.2810        2.1320 
   7    N1        2.4430       -2.4820        3.5710 
   7    N2        2.1710       -4.0800        5.2560 
   7    N3        0.7830       -2.1720        5.1820 
   7    N4        3.8150       -4.3960        3.6920 
   7    N5        1.0260       -0.5970        3.5560 
  16    S1        0.3430       -3.9190        7.1640 
   1    H1        6.0250       -5.0690        2.3180 
   1    H2        4.8330       -6.3670        2.1580 
   1    H3        5.2120       -5.3380        0.7640 
   1    H4       -0.6650        0.9310        2.1580 
   1    H5        0.8000        1.8450        2.5220 
   1    H6        0.4540        1.3570        0.8540 
   1    H7        3.2220       -0.9600        1.7630 
   1    H8        3.1060        0.6700        2.4320 
   1    H9        2.7080        0.3660        0.7330 
   1   H10        1.0710       -2.3150        1.3060 
   1   H11       -0.5090       -1.5620        1.5450 
   1   H12        0.5240       -1.0610        0.1950 
   1   H13       -0.6280       -2.5420        8.8700 
   1   H14       -0.8900       -1.8340        7.2680 
   1   H15        0.7060       -1.6990        8.0620 
   1   H16        3.0370       -4.6780        1.7560 
   1   H17        4.2400       -3.3760        1.8990 
   1   H18        3.7000       -5.3130        4.1120 
   1   H19        0.1160       -0.4000        3.9600 

