Run semi-empirical minimization
 &qmmm
    qm_theory='AM1', grms_tol=0.0005,
 scfconv=1.d-10, ndiis_attempts=700,   qmcharge=0,
 /
   6    C1        2.3860        0.7990        3.1700 
   6    C2        0.0370        1.7910        2.9130 
   6    C3        0.7570        2.0270        1.6180 
   6    C4        1.0820        0.8320        2.4500 
   6    C5        3.0370       -0.5480        3.2860 
   8    O1        2.8710        1.8270        3.6260 
   1    H1        0.2850        2.4280        3.7540 
   1    H2       -1.0060        1.5040        2.8630 
   1    H3        0.1970        1.8990        0.7000 
   1    H4        1.4890        2.8250        1.5870 
   1    H5        0.7590       -0.1320        2.0940 
   1    H6        2.3790       -1.2300        3.8300 
   1    H7        3.2470       -0.9430        2.2890 
   1    H8        3.9780       -0.4530        3.8340 

