Run semi-empirical minimization
 &qmmm
    qm_theory='AM1', grms_tol=0.0005,
 scfconv=1.d-10, ndiis_attempts=700,   qmcharge=0,
 /
   6    C1        1.0040       -0.2220        0.3780 
   6    C2        1.0010       -1.5990        1.0420 
   6    C3        2.6910        0.5170        1.9300 
   6    C4        2.6830       -0.8620        2.5900 
   7    N1        1.3940        0.8220        1.3270 
   7    N2        2.3000       -1.9120        1.6420 
   1    H1        1.6830       -0.2170       -0.4840 
   1    H2        0.0000       -0.0000       -0.0000 
   1    H3        0.2140       -1.6500        1.8060 
   1    H4        0.7660       -2.3610        0.2900 
   1    H5        2.9210        1.2770        2.6850 
   1    H6        3.4800        0.5700        1.1690 
   1    H7        3.6850       -1.0840        2.9750 
   1    H8        2.0010       -0.8680        3.4490 
   1    H9        1.4440        1.7190        0.8470 
   1   H10        2.2420       -2.8060        2.1290 

