Run semi-empirical minimization
 &qmmm
    qm_theory='AM1', grms_tol=0.0005,
 scfconv=1.d-10, ndiis_attempts=700,   qmcharge=0,
 /
   6    C1        0.8880       -0.0990       -0.6260 
   6    C2        0.8880       -1.4200       -1.3800 
   6    C3       -0.3380       -1.5430       -2.2870 
   6    C4       -0.4450       -2.8930       -2.9950 
  16    S1        0.9540       -3.2250       -4.1060 
   1    H1        1.7690       -0.0300        0.0200 
   1    H2       -0.0030       -0.0060        0.0040 
   1    H3        0.9080        0.7480       -1.3190 
   1    H4        0.9010       -2.2440       -0.6580 
   1    H5        1.8110       -1.4870       -1.9660 
   1    H6       -0.3460       -0.7280       -3.0220 
   1    H7       -1.2400       -1.4130       -1.6750 
   1    H8       -0.5110       -3.7050       -2.2640 
   1    H9       -1.3590       -2.9160       -3.5980 
   1   H10        1.1280       -4.5000       -3.7360 

