Run semi-empirical minimization
 &qmmm
    qm_theory='AM1', grms_tol=0.0005,
 scfconv=1.d-10, ndiis_attempts=700,   qmcharge=0,
 /
   6    C1        1.8850       -1.0380       -0.1090 
   6    C2        0.8180       -0.4410        0.5630 
   6    C3        2.9350       -1.6040        0.6140 
   6    C4        0.8010       -0.4100        1.9570 
   6    C5        2.9180       -1.5730        2.0080 
   6    C6        1.8510       -0.9770        2.6800 
   6    C7        4.0560       -2.1880        2.7570 
   7    N1        1.8170       -0.9360        4.0910 
   1    H1        1.8980       -1.0610       -1.1950 
   1    H2        0.0000       -0.0000       -0.0000 
   1    H3        3.7610       -2.0660        0.0810 
   1    H4       -0.0360        0.0570        2.4690 
   1    H5        4.5590       -1.4310        3.3690 
   1    H6        3.7080       -2.9950        3.4130 
   1    H7        4.7900       -2.6270        2.0700 
   1    H8        2.4100       -1.5500        4.6090 
   1    H9        1.1340       -0.3640        4.5450 

