Run semi-empirical minimization
 &qmmm
    qm_theory='AM1', grms_tol=0.0005,
 scfconv=1.d-10, ndiis_attempts=700,   qmcharge=0,
 /
   6    C1       -2.7030       -1.9950        0.8730 
   6    C2       -0.5400       -0.7410        0.5950 
   6    C3       -2.7430        0.3840        0.1370 
   6    C4       -4.8870       -3.2320        1.0390 
   6    C5       -3.0700       -4.0410       -0.4990 
   6    C6       -1.9630       -0.9240        0.0740 
   6    C7       -3.7420       -2.8210        0.1180 
   8    O1       -2.4730       -2.1840        2.0690 
   1    H1       -0.5340       -0.3720        1.6270 
   1    H2        0.0100       -0.0240       -0.0230 
   1    H3        0.0040       -1.6910        0.5800 
   1    H4       -3.7550        0.2590       -0.2620 
   1    H5       -2.8400        0.7380        1.1690 
   1    H6       -2.2440        1.1640       -0.4470 
   1    H7       -5.3440       -2.3520        1.5060 
   1    H8       -5.6650       -3.7610        0.4800 
   1    H9       -4.5400       -3.8900        1.8430 
   1   H10       -2.6250       -4.6810        0.2720 
   1   H11       -3.7900       -4.6400       -1.0650 
   1   H12       -2.2660       -3.7460       -1.1820 
   1   H13       -1.8980       -1.2600       -0.9670 
   1   H14       -4.1610       -2.1950       -0.6790 

