Run semi-empirical minimization
 &qmmm
    qm_theory='AM1', grms_tol=0.0005,
 scfconv=1.d-10, ndiis_attempts=700,   qmcharge=0,
 /
   6    C1        1.5900        0.9610        6.3330 
   6    C2        0.0860        1.1280        0.1340 
   6    C3        2.6050        0.7410        8.4590 
   6    C4        1.7850        0.6050        4.8760 
   6    C5       -0.1410        1.4630        1.6000 
   6    C6        0.7150        1.2020        3.9620 
   6    C7        0.9240        0.8240        2.4920 
   8    O1        0.6590        1.6170        6.7800 
   8    O2        2.6330        0.4570        7.0560 
   1    H1        1.0610        1.4940       -0.2050 
   1    H2        0.0470        0.0470       -0.0320 
   1    H3       -0.6860        1.5950       -0.4850 
   1    H4        3.2410        0.0270        8.9890 
   1    H5        1.5780        0.6720        8.8250 
   1    H6        2.9820        1.7530        8.6240 
   1    H7        1.7930       -0.4860        4.7710 
   1    H8        2.7670        0.9890        4.5780 
   1    H9       -1.1360        1.1130        1.8990 
   1   H10       -0.1280        2.5520        1.7260 
   1   H11        0.7510        2.2950        4.0550 
   1   H12       -0.2820        0.8870        4.2890 
   1   H13        0.8890       -0.2650        2.3740 
   1   H14        1.9190        1.1510        2.1670 

