Run semi-empirical minimization
 &qmmm
    qm_theory='AM1', grms_tol=0.0005,
 scfconv=1.d-10, ndiis_attempts=700,   qmcharge=0,
 /
   6    C1       -6.2840        2.7560        1.9800 
   6    C2       -2.0320        3.7240        1.7420 
   6    C3       -5.5550        2.7020        0.8590 
   6    C4       -2.5850        2.5130        1.6110 
   6    C5       -4.6460        1.5610        0.5030 
   6    C6       -3.1870        2.0000        0.3340 
   1    H1       -6.9290        3.6000        2.1970 
   1    H2       -6.2450        1.9460        2.7000 
   1    H3       -1.6080        4.0550        2.6840 
   1    H4       -1.9940        4.4050        0.8990 
   1    H5       -5.6260        3.5240        0.1520 
   1    H6       -2.5970        1.8490        2.4710 
   1    H7       -4.9960        1.1360       -0.4450 
   1    H8       -4.7130        0.7580        1.2480 
   1    H9       -3.1100        2.7470       -0.4650 
   1   H10       -2.5960        1.1340        0.0090 

