Run semi-empirical minimization
 &qmmm
    qm_theory='AM1', grms_tol=0.0005,
 scfconv=1.d-10, ndiis_attempts=700,   qmcharge=0,
 /
   6    C1        0.7690        0.7140        0.2900 
   6    C2        2.0430        0.3200        0.1940 
   6    C3        0.2560        1.9770        0.7510 
   6    C4        3.2340        1.0540        0.5250 
   6    C5        0.9100        3.1330        0.9140 
   6    C6        3.3730        2.3700        0.7270 
   6    C7        2.3580        3.4710        0.7400 
   1    H1        0.0000        0.0000       -0.0010 
   1    H2        2.2280       -0.6900       -0.1700 
   1    H3       -0.8170        1.9780        0.9390 
   1    H4        4.1360        0.4450        0.5630 
   1    H5        0.3000        3.9820        1.2230 
   1    H6        4.3910        2.7150        0.9120 
   1    H7        2.4750        4.0730       -0.1690 
   1    H8        2.6250        4.1280        1.5780 

