Run semi-empirical minimization
 &qmmm
    qm_theory='AM1', grms_tol=0.0005,
 scfconv=1.d-10, ndiis_attempts=700,   qmcharge=0,
 /
   6    C1       -0.5710       -2.0560        0.2750 
   6    C2        0.3370       -1.0320        0.0230 
   6    C3       -0.1390       -3.3820        0.3040 
   6    C4        1.6820       -1.3310       -0.2010 
   6    C5        1.6630       -5.0300        0.1060 
   6    C6        3.0080       -5.3280       -0.1180 
   6    C7        3.4840       -2.9790       -0.3990 
   6    C8        1.2100       -3.7010        0.0800 
   6    C9        2.1350       -2.6600       -0.1750 
   6   C10        3.9170       -4.3050       -0.3700 
   7    N1        5.2760       -4.6090       -0.5940 
   1    H1       -1.6170       -1.8220        0.4480 
   1    H2        0.0000       -0.0000        0.0010 
   1    H3       -0.8670       -4.1660        0.5010 
   1    H4        2.3740       -0.5150       -0.3970 
   1    H5        0.9700       -5.8460        0.3010 
   1    H6        3.3340       -6.3650       -0.0930 
   1    H7        4.2040       -2.1860       -0.5960 
   1    H8        5.5200       -5.5030       -0.9680 
   1    H9        5.9760       -3.9630       -0.2880 

