Run semi-empirical minimization
 &qmmm
    qm_theory='AM1', grms_tol=0.0005,
 scfconv=1.d-10, ndiis_attempts=700,   qmcharge=0,
 /
   6    C1       -3.1490        0.4150        1.2200 
   6    C2       -1.8580        0.7400        0.8000 
   6    C3       -1.4370       -1.5820        0.2690 
   6    C4       -3.5800       -0.9100        1.1630 
   6    C5       -2.7270       -1.9050        0.6890 
   6    C6       -5.2390       -2.4980        1.5120 
   6    C7       -4.3860       -3.4940        1.0380 
   6    C8       -1.0040       -0.2570        0.3260 
   6    C9       -6.5290       -2.8210        1.9320 
   6   C10       -4.8170       -4.8180        0.9820 
   6   C11       -6.9620       -4.1460        1.8750 
   6   C12       -6.1070       -5.1430        1.4010 
   8    O1       -4.8560       -1.1830        1.5850 
   8    O2       -3.1090       -3.2200        0.6160 
  17   Cl1        0.5870        0.1500       -0.1890 
  17   Cl2       -7.5650       -1.5540        2.5160 
  17   Cl3       -3.7250       -6.0320        0.3860 
  17   Cl4       -8.5730       -4.5510        2.4000 
  17   Cl5       -6.6460       -6.7990        1.3320 
   1    H1       -3.8080        1.1960        1.5880 
   1    H2       -1.5310        1.7760        0.8480 
   1    H3       -0.7770       -2.3640       -0.0990 

