Run semi-empirical minimization
 &qmmm
    qm_theory='AM1', grms_tol=0.0005,
 scfconv=1.d-10, ndiis_attempts=700,   qmcharge=0,
 /
   6    C1        0.9180       -0.3720        0.4620 
   6    C2        0.6780       -1.2620        1.6550 
   6    C3        1.7110       -1.2800       -0.4500 
   6    C4        1.9620       -2.0750        1.7320 
   6    C5        3.0090       -1.4460        2.6420 
   8    O1        2.4970       -2.1290        0.3980 
   1    H1        0.0010        0.0030        0.0000 
   1    H2        1.5300        0.4880        0.7590 
   1    H3        0.4480       -0.7130        2.5730 
   1    H4       -0.1660       -1.9310        1.4430 
   1    H5        1.0500       -1.9200       -1.0440 
   1    H6        2.3660       -0.7280       -1.1290 
   1    H7        1.7640       -3.0960        2.0720 
   1    H8        2.8410       -0.3690        2.7340 
   1    H9        2.9640       -1.8890        3.6420 
   1   H10        4.0130       -1.6050        2.2400 

