Run semi-empirical minimization
 &qmmm
    qm_theory='AM1', grms_tol=0.0005,
 scfconv=1.d-10, ndiis_attempts=700,   qmcharge=0,
 /
   1   H11        0.0000       -0.5120        0.8370 
   7    N1        0.0000        0.0210        0.0060 
   1   H12       -0.0180       -0.5420       -0.8490 
   6    C1       -0.0330        1.3620       -0.0910 
   8    O1       -0.0660        1.9680       -1.1890 
   6    C2        0.0220        2.1320        1.1800 
   6    C3        0.5170        1.5740        2.3760 
   1   H31        0.9060        0.5850        2.4480 
   6    C5        0.5160        2.3580        3.5470 
   1   H51        0.9130        1.9440        4.4470 
   6    C7        0.0600        3.6780        3.5270 
   6    C6       -0.4140        4.2290        2.3510 
   1   H61       -0.7820        5.2540        2.3480 
   6    C4       -0.4310        3.4770        1.1660 
   1   H41       -0.8170        3.9310        0.2740 
   1   H71        0.0720        4.2690        4.4510 

