Run semi-empirical minimization
 &qmmm
    qm_theory='AM1', grms_tol=0.0005,
 scfconv=1.d-10, ndiis_attempts=700,   qmcharge=0,
 /
   6    C1        0.3150        0.8020        2.4260 
   6    C2       -3.2680       -2.2460       -0.3500 
   6    C3       -0.8940        0.4510        0.4420 
   6    C4       -2.1460       -0.1940       -0.1210 
   8    O1       -0.8530        0.2360        1.8470 
   8    O2       -2.1050       -1.5920        0.1370 
   1    H1        0.1260        1.0340        3.4770 
   1    H2        0.5880        1.7100        1.8840 
   1    H3        1.1320        0.0790        2.3570 
   1    H4       -3.9630       -1.5040       -0.7500 
   1    H5       -3.7410       -2.8030        0.4620 
   1    H6       -2.9800       -2.9380       -1.1450 
   1    H7       -0.8900        1.5300        0.2610 
   1    H8        0.0000        0.0000        0.0000 
   1    H9       -2.2120       -0.0490       -1.2040 
   1   H10       -3.0380        0.2180        0.3610 

