Run semi-empirical minimization
 &qmmm
    qm_theory='AM1', grms_tol=0.0005,
 scfconv=1.d-10, ndiis_attempts=700,   qmcharge=0,
 /
   6    C1        0.2500       -0.5580        0.9000 
   6    C2        1.7280       -0.3980        1.2180 
   6    C3        2.6060       -0.9720        0.1070 
   6    C4        4.0920       -0.8390        0.4480 
   6    C5        4.9700       -1.3800       -0.6830 
   6    C6        6.4690       -1.2820       -0.3870 
   6    C7        7.3340       -1.8510       -1.4990 
  35   Br1        9.2120       -1.7430       -0.9900 
   1    H1       -0.3590       -0.1440        1.7090 
   1    H2       -0.0110       -0.0340       -0.0250 
   1    H3       -0.0130       -1.6140        0.7820 
   1    H4        1.9480       -0.9020        2.1660 
   1    H5        1.9520        0.6660        1.3570 
   1    H6        2.3960       -0.4500       -0.8340 
   1    H7        2.3580       -2.0300       -0.0470 
   1    H8        4.2980       -1.3830        1.3760 
   1    H9        4.3340        0.2160        0.6280 
   1   H10        4.7650       -0.8120       -1.5990 
   1   H11        4.7050       -2.4230       -0.8920 
   1   H12        6.7180       -0.2230       -0.2340 
   1   H13        6.6900       -1.7890        0.5610 
   1   H14        7.1330       -2.9090       -1.6860 
   1   H15        7.2310       -1.2860       -2.4300 

