Run semi-empirical minimization
 &qmmm
    qm_theory='AM1', grms_tol=0.0005,
 scfconv=1.d-10, ndiis_attempts=700,   qmcharge=0,
 /
   6    C1        1.8850       -1.0380       -0.1090 
   6    C2        0.8180       -0.4410        0.5630 
   6    C3        2.9350       -1.6040        0.6140 
   6    C4        0.8010       -0.4100        1.9570 
   6    C5        2.9180       -1.5730        2.0080 
   6    C6        1.8510       -0.9770        2.6800 
   6    C7        1.8330       -0.9440        4.1710 
   8    O1        2.4730        0.2420        4.6250 
   1    H1        1.8980       -1.0610       -1.1950 
   1    H2        0.0000        0.0000       -0.0000 
   1    H3        3.7650       -2.0680        0.0910 
   1    H4       -0.0350        0.0570        2.4720 
   1    H5        3.7400       -2.0170        2.5630 
   1    H6        0.8050       -0.9590        4.5600 
   1    H7        2.3570       -1.8120        4.5930 
   1    H8        2.4690        0.8640        3.8800 

