Run semi-empirical minimization
 &qmmm
    qm_theory='AM1', grms_tol=0.0005,
 scfconv=1.d-10, ndiis_attempts=700,   qmcharge=0,
 /
   6    C1        0.9980       -0.3580       -0.2740 
   6    C2        1.1580        1.1800       -2.2510 
   6    C3        1.9990        1.9490       -0.0130 
   6    C4        1.8180        0.7470       -0.9440 
   8    O1        2.6930        1.5520        1.1620 
   1    H1        0.8770       -1.2130       -0.9480 
   1    H2        0.0000       -0.0000        0.0000 
   1    H3        1.4900       -0.7200        0.6340 
   1    H4        1.0540        0.3300       -2.9340 
   1    H5        1.7590        1.9430       -2.7570 
   1    H6        0.1600        1.5970       -2.0740 
   1    H7        2.5870        2.7310       -0.5050 
   1    H8        1.0320        2.3720        0.2790 
   1    H9        2.8080        0.3290       -1.1710 
   1   H10        3.4100        2.1930        1.2940 

