Run semi-empirical minimization
 &qmmm
    qm_theory='AM1', grms_tol=0.0005,
 scfconv=1.d-10, ndiis_attempts=700,   qmcharge=0,
 /
   6    C1       -0.0480       -0.9850       -0.3150 
   6    C2       -2.7160        0.3590        1.3310 
   6    C3       -2.5540       -3.7030        1.4930 
   6    C4       -1.3550       -1.5980        1.6330 
   6    C5       -0.1310       -2.0160        2.4570 
   8    O1       -1.1220       -1.7450        0.2210 
   8    O2       -1.6020       -0.2210        1.9980 
   8    O3       -2.4890       -2.3940        2.0420 
   9    F1        0.9460       -1.2600        2.1410 
   9    F2        0.2100       -3.3040        2.2280 
   9    F3       -0.3480       -1.8860        3.7840 
   1    H1        0.0340       -1.1750       -1.3870 
   1    H2        0.8820       -1.2630        0.1880 
   1    H3       -0.2460        0.0760       -0.1490 
   1    H4       -2.8390        1.3950        1.6570 
   1    H5       -3.6180       -0.2150        1.5580 
   1    H6       -2.5350        0.3380        0.2530 
   1    H7       -3.4460       -4.2120        1.8680 
   1    H8       -1.6580       -4.2620        1.7750 
   1    H9       -2.6090       -3.6300        0.4050 

