Run semi-empirical minimization
 &qmmm
    qm_theory='AM1', grms_tol=0.0005,
 scfconv=1.d-10, ndiis_attempts=700,   qmcharge=0,
 /
   6    C1       -0.4650       -0.0650        0.9890 
   6    C2        1.6270        0.6910        2.1570 
   6    C3        1.2040       -1.7600        1.8120 
   6    C4       -1.1270       -1.4330        3.3390 
   6    C5        0.5610       -0.3990        2.0720 
   8    O1       -0.1080       -0.4450        3.3330 
   1    H1       -0.9610        0.8890        1.2040 
   1    H2        0.0000        0.0000        0.0000 
   1    H3       -1.2550       -0.8230        0.9520 
   1    H4        2.3380        0.4800        2.9640 
   1    H5        1.1750        1.6620        2.3900 
   1    H6        2.1850        0.7840        1.2190 
   1    H7        0.4460       -2.5520        1.7870 
   1    H8        1.7490       -1.7740        0.8630 
   1    H9        1.8990       -2.0230        2.6170 
   1   H10       -0.7750       -2.3170        3.8770 
   1   H11       -1.3850       -1.6980        2.3110 
   1   H12       -2.0090       -1.0300        3.8420 

