Run semi-empirical minimization
 &qmmm
    qm_theory='AM1', grms_tol=0.0005,
 scfconv=1.d-10, ndiis_attempts=700,   qmcharge=0,
 /
   6    C1        0.5110       -0.7950        0.5540 
   6    C2        0.2490        0.5310        2.6600 
   6    C3        1.2270       -2.3860        3.1710 
   6    C4        3.2010       -1.8540        1.7260 
   6    C5        1.2460       -0.2130        1.7650 
   6    C6        2.0680       -1.2570        2.5680 
   1    H1       -0.2470       -1.5260        0.8520 
   1    H2        0.0000        0.0000       -0.0000 
   1    H3        1.2020       -1.2800       -0.1410 
   1    H4       -0.2110        1.3610        2.1130 
   1    H5       -0.5570       -0.1230        3.0060 
   1    H6        0.7500        0.9530        3.5380 
   1    H7        0.4480       -1.9970        3.8330 
   1    H8        0.7490       -2.9940        2.3970 
   1    H9        1.8570       -3.0530        3.7700 
   1   H10        2.8190       -2.4900        0.9210 
   1   H11        3.8570       -2.4710        2.3500 
   1   H12        3.8140       -1.0650        1.2800 
   1   H13        1.9520        0.5380        1.3870 
   1   H14        2.5440       -0.7250        3.4030 

