Run semi-empirical minimization
 &qmmm
    qm_theory='AM1', grms_tol=0.0005,
 scfconv=1.d-10, ndiis_attempts=700,   qmcharge=0,
 /
   6    C1        1.8840       -2.4290       -4.5140 
   6    C2       -0.0300        2.7190       -1.1890 
   6    C3        2.1160       -1.2090       -3.6520 
   6    C4       -0.2810        1.4700       -2.0190 
   6    C5        0.8040       -0.5230       -3.2730 
   6    C6        1.0010        0.7710       -2.4770 
   8    O1        0.7920       -2.8560       -4.8620 
   8    O2        3.0580       -3.0190       -4.8630 
   1    H1       -0.9770        3.1140       -0.8090 
   1    H2        0.6140        2.4980       -0.3320 
   1    H3        0.4410        3.5070       -1.7840 
   1    H4        2.6480       -1.5330       -2.7520 
   1    H5        2.7460       -0.5090       -4.2120 
   1    H6       -0.8620        0.7610       -1.4160 
   1    H7       -0.9070        1.7230       -2.8820 
   1    H8        0.1670       -1.2180       -2.7120 
   1    H9        0.2470       -0.2780       -4.1870 
   1   H10        1.5850        1.4680       -3.0910 
   1   H11        1.6130        0.5540       -1.5930 
   1   H12        2.9670       -3.8210       -5.4210 

