Run semi-empirical minimization
 &qmmm
    qm_theory='AM1', grms_tol=0.0005,
 scfconv=1.d-10, ndiis_attempts=700,   qmcharge=0,
 /
   6    C1       -5.5940       -3.2690       -3.6070 
   6    C2       -6.5310       -2.7250       -1.4480 
   6    C3       -6.8590       -3.1600       -4.1830 
   6    C4       -7.7960       -2.6160       -2.0240 
   6    C5       -5.4290       -3.0510       -2.2390 
   6    C6       -7.9610       -2.8340       -3.3920 
   6    C7       -4.0820       -3.1660       -1.6250 
   6    C8       -2.1120       -2.3900        4.1560 
   6    C9       -1.8650       -2.7390        2.6970 
   6   C10       -3.1550       -2.6880        1.8840 
   6   C11       -2.9050       -2.9950        0.4140 
   8    O1       -3.0790       -3.4480       -2.2610 
   8    O2       -9.1950       -2.7290       -3.9540 
   8    O3       -4.1380       -2.9160       -0.2880 
   1    H1       -4.7430       -3.5250       -4.2330 
   1    H2       -6.4140       -2.5530       -0.3810 
   1    H3       -6.9810       -3.3310       -5.2500 
   1    H4       -8.6500       -2.3620       -1.4020 
   1    H5       -2.8410       -3.0730        4.6050 
   1    H6       -1.1850       -2.4470        4.7360 
   1    H7       -2.5040       -1.3720        4.2410 
   1    H8       -1.1330       -2.0390        2.2790 
   1    H9       -1.4260       -3.7420        2.6370 
   1   H10       -3.8860       -3.4010        2.2840 
   1   H11       -3.6220       -1.6990        1.9740 
   1   H12       -2.2090       -2.2720       -0.0230 
   1   H13       -2.4970       -4.0030        0.2890 
   1   H14       -9.8540       -2.4970       -3.2800 

