Run semi-empirical minimization
 &qmmm
    qm_theory='AM1', grms_tol=0.0005,
 scfconv=1.d-10, ndiis_attempts=700,   qmcharge=0,
 /
   6    C1       -2.9630        2.3590        0.3760 
   6    C2       -3.3900        2.1890       -1.0730 
   6    C3       -3.3850        0.7180       -1.4890 
   6    C4       -3.8480        0.5480       -2.9380 
   6    C5       -3.8780       -0.9290       -3.3390 
   6    C6       -4.4030       -1.1640       -4.7580 
   6    C7       -4.5030       -2.6440       -5.1330 
   6    C8       -5.0040       -2.8200       -6.5690 
   6    C9       -5.1330       -4.3010       -6.9350 
   6   C10       -5.6610       -4.5000       -8.3510 
   8    O1       -5.7440       -5.8870       -8.6460 
   1    H1       -1.9490        1.9780        0.5330 
   1    H2       -3.6400        1.8250        1.0500 
   1    H3       -2.9740        3.4180        0.6530 
   1    H4       -4.3940        2.6090       -1.2040 
   1    H5       -2.7120        2.7610       -1.7170 
   1    H6       -2.3740        0.3070       -1.3760 
   1    H7       -4.0430        0.1470       -0.8230 
   1    H8       -3.1710        1.1030       -3.5970 
   1    H9       -4.8480        0.9820       -3.0570 
   1   H10       -2.8740       -1.3600       -3.2420 
   1   H11       -4.5250       -1.4760       -2.6420 
   1   H12       -3.7620       -0.6420       -5.4790 
   1   H13       -5.3980       -0.7080       -4.8330 
   1   H14       -5.1870       -3.1530       -4.4420 
   1   H15       -3.5230       -3.1240       -5.0340 
   1   H16       -4.3080       -2.3300       -7.2610 
   1   H17       -5.9740       -2.3220       -6.6800 
   1   H18       -4.1560       -4.7900       -6.8460 
   1   H19       -5.8140       -4.7840       -6.2230 
   1   H20       -4.9830       -4.0350       -9.0720 
   1   H21       -6.6550       -4.0550       -8.4650 
   1   H22       -6.5210       -6.0070       -9.2160 

