Run semi-empirical minimization
 &qmmm
    qm_theory='AM1', grms_tol=0.0005,
 scfconv=1.d-10, ndiis_attempts=700,   qmcharge=0,
 /
   6    C1        2.6750       -0.7720        3.1240 
   6    C2       -0.3780       -0.6940        0.7530 
   6    C3        6.2700       -1.3320        3.5400 
   6    C4        1.8850       -0.8880        1.8410 
   6    C5        0.4000       -0.6070        2.0560 
   6    C6        4.8660       -0.9910        3.9910 
   8    O1        2.2090       -0.4720        4.2150 
   8    O2        3.9850       -1.0580        2.8640 
   1    H1       -1.4380       -0.4880        0.9300 
   1    H2       -0.0070        0.0340        0.0250 
   1    H3       -0.2950       -1.6930        0.3130 
   1    H4        6.9700       -1.2900        4.3790 
   1    H5        6.3020       -2.3360        3.1030 
   1    H6        6.6060       -0.6360        2.7640 
   1    H7        2.2960       -0.1720        1.1210 
   1    H8        2.0160       -1.9030        1.4490 
   1    H9       -0.0160       -1.3230        2.7740 
   1   H10        0.2670        0.3910        2.4910 
   1   H11        4.8310        0.0210        4.4060 
   1   H12        4.5230       -1.7020        4.7490 

