Run semi-empirical minimization
 &qmmm
    qm_theory='AM1', grms_tol=0.0005,
 scfconv=1.d-10, ndiis_attempts=700,   qmcharge=0,
 /
   6    C1        1.8850       -1.0360       -0.1130 
   6    C2        1.8400        0.1610        0.6020 
   6    C3        1.8870       -2.2550        0.5670 
   6    C4        1.7980        0.1400        1.9960 
   6    C5        1.8440       -2.2760        1.9610 
   6    C6        0.6750       -0.5260        4.7900 
   6    C7        0.6270       -0.5450        6.1840 
   6    C8        2.7410       -1.7140        6.2410 
   6    C9        1.8000       -1.0790        2.6760 
   6   C10        1.7550       -1.1010        4.1220 
   6   C11        1.6600       -1.1390        6.9100 
   6   C12        2.7890       -1.6940        4.8470 
   6   C13        1.5430       -2.5810        8.9680 
   6   C14        2.7760       -0.4040        9.0700 
   6   C15        1.6100       -1.1590        8.4000 
   8    O1        1.5540       -3.5980        8.2870 
   8    O2        1.4600       -2.6100       10.3250 
   9    F1        3.8340       -2.2510        4.2180 
   1    H1        1.9180       -1.0200       -1.1980 
   1    H2        1.8390        1.1090        0.0730 
   1    H3        1.9210       -3.1860        0.0100 
   1    H4        1.7640        1.0810        2.5400 
   1    H5        1.8470       -3.2330        2.4770 
   1    H6       -0.1380       -0.0580        4.2400 
   1    H7       -0.2190       -0.0950        6.6970 
   1    H8        3.5510       -2.1780        6.7970 
   1    H9        3.7460       -0.8360        8.7970 
   1   H10        2.7740        0.6500        8.7720 
   1   H11        2.7110       -0.4420       10.1630 
   1   H12        0.6800       -0.6560        8.7320 
   1   H13        1.4090       -3.5050       10.7230 

