Run semi-empirical minimization
 &qmmm
    qm_theory='AM1', grms_tol=0.0005,
 scfconv=1.d-10, ndiis_attempts=700,   qmcharge=0,
 /
   6    C1        1.8850       -1.0380       -0.1090 
   6    C2        0.8180       -0.4410        0.5630 
   6    C3        2.9350       -1.6040        0.6140 
   6    C4        0.8010       -0.4100        1.9570 
   6    C5        2.9180       -1.5730        2.0080 
   6    C6        1.8510       -0.9770        2.6800 
   6    C7       -0.3530        0.2340        2.6520 
   6    C8        4.0550       -2.1870        2.7590 
   6    C9        1.8330       -0.9440        4.1750 
   1    H1        1.8970       -1.0620       -1.1950 
   1    H2        0.0040       -0.0030       -0.0100 
   1    H3        3.7610       -2.0670        0.0810 
   1    H4       -0.3030        0.0420        3.7300 
   1    H5       -0.3570        1.3190        2.4910 
   1    H6       -1.3090       -0.1480        2.2720 
   1    H7        4.5590       -1.4300        3.3700 
   1    H8        3.7060       -2.9930        3.4160 
   1    H9        4.7890       -2.6290        2.0730 
   1   H10        2.7350       -0.4520        4.5530 
   1   H11        0.9550       -0.4030        4.5470 
   1   H12        1.7840       -1.9580        4.5910 

