Run semi-empirical minimization
 &qmmm
    qm_theory='AM1', grms_tol=0.0005,
 scfconv=1.d-10, ndiis_attempts=700,   qmcharge=0,
 /
   6    C1       -0.6110        2.1910       -0.8100 
   6    C2       -2.5150        3.1790        0.3010 
   6    C3       -1.1620        2.5210       -2.0480 
   6    C4       -3.0660        3.5090       -0.9370 
   6    C5       -1.2870        2.5200        0.3650 
   6    C6       -2.3900        3.1800       -2.1110 
   6    C7       -4.3140        2.8250       -3.6930 
   6    C8       -3.1670        5.0500       -3.6450 
   6    C9       -0.6890       -0.3470        1.2670 
   6   C10       -0.4950        0.5290        3.6040 
   6   C11       -0.6900        2.1630        1.7040 
   6   C12       -2.9790        3.5340       -3.4350 
   6   C13       -1.1090        0.7730        2.2230 
   8    O1       -4.8600        2.0690       -2.9000 
   8    O2       -4.8420        3.1110       -4.9130 
   1    H1        0.3460        1.6770       -0.7700 
   1    H2       -3.0490        3.4390        1.2120 
   1    H3       -0.6280        2.2620       -2.9580 
   1    H4       -4.0230        4.0220       -0.9770 
   1    H5       -3.8370        5.4820       -2.8940 
   1    H6       -2.2040        5.5690       -3.5840 
   1    H7       -3.6050        5.2740       -4.6250 
   1    H8        0.3970       -0.3570        1.1210 
   1    H9       -1.1630       -0.2340        0.2880 
   1   H10       -0.9850       -1.3240        1.6620 
   1   H11        0.5980        0.5550        3.5540 
   1   H12       -0.8210        1.2880        4.3230 
   1   H13       -0.7870       -0.4530        3.9910 
   1   H14        0.4050        2.2280        1.6540 
   1   H15       -0.9980        2.9350        2.4220 
   1   H16       -2.2940        3.1890       -4.2340 
   1   H17       -2.2000        0.7360        2.3310 
   1   H18       -5.6940        2.6690       -5.1150 

