Run semi-empirical minimization
 &qmmm
    qm_theory='AM1', grms_tol=0.0005,
 scfconv=1.d-10, ndiis_attempts=700,   qmcharge=0,
 /
   6    C1        1.6310       -1.0360       -0.8220 
   6    C2        0.8150       -0.6630        0.1850 
   6    C3        3.6380       -3.6700        1.1700 
   6    C4        2.5080       -2.7600        2.9560 
   6    C5        2.7250       -2.0730       -0.6740 
   6    C6        0.9400       -1.1830        1.6020 
   6    C7        2.5190       -2.8380        0.6170 
   6    C8        2.2800       -1.8710        1.7680 
   6    C9        3.2750       -6.2380        3.6090 
   7    N1        3.4080       -3.7240        2.5340 
   8    O1        4.5120       -4.2130        0.5170 
   8    O2        2.0440       -2.5830        4.0700 
  16    S1        4.2770       -4.7120        3.5960 
  17   Cl1        4.0240       -7.4070        4.7460 
  17   Cl2        1.6010       -5.9260        4.1510 
  17   Cl3        3.2170       -6.9950        1.9910 
   1    H1        1.5010       -0.5950       -1.8080 
   1    H2        0.0290        0.0650       -0.0040 
   1    H3        2.6930       -2.7650       -1.5230 
   1    H4        3.7040       -1.5790       -0.6980 
   1    H5        0.8640       -0.3480        2.3080 
   1    H6        0.1080       -1.8630        1.8180 
   1    H7        1.6620       -3.5210        0.4980 
   1    H8        3.0750       -1.1100        1.8030 

