Run semi-empirical minimization
 &qmmm
    qm_theory='AM1', grms_tol=0.0005,
 scfconv=1.d-10, ndiis_attempts=700,   qmcharge=0,
 /
   6    C1        1.7420       -1.1610       -0.1510 
   6    C2        0.6920       -0.5510        0.5350 
   6    C3        2.8150       -1.7040        0.5560 
   6    C4        0.7140       -0.4850        1.9280 
   6    C5        2.8370       -1.6380        1.9490 
   6    C6        1.7870       -1.0290        2.6350 
   6    C7        1.8100       -0.9590        4.0880 
   6    C8        1.2310       -2.0170        6.2850 
   6    C9        0.5970       -3.1550        4.1870 
   7    N1        1.2330       -2.0070        4.8290 
   8    O1        2.3570        0.0290        4.5940 
   1    H1        1.7250       -1.2120       -1.2360 
   1    H2       -0.1430       -0.1270       -0.0150 
   1    H3        3.6320       -2.1800        0.0220 
   1    H4       -0.1100       -0.0070        2.4520 
   1    H5        3.6780       -2.0660        2.4900 
   1    H6        0.1970       -1.9890        6.6340 
   1    H7        1.7740       -1.1400        6.6440 
   1    H8        1.7220       -2.9290        6.6320 
   1    H9       -0.3340       -3.3800        4.7130 
   1   H10        1.2750       -4.0090        4.2410 
   1   H11        0.3890       -2.9060        3.1440 

