Run semi-empirical minimization
 &qmmm
    qm_theory='AM1', grms_tol=0.0005,
 scfconv=1.d-10, ndiis_attempts=700,   qmcharge=0,
 /
   6    C1       -0.0210        2.4020       -0.0110 
   6    C2        1.3660        2.4100       -0.0060 
   6    C3       -0.7040        1.1940       -0.0060 
   6    C4        2.0660        1.2140        0.0000 
   6    C5        0.0000        0.0000        0.0000 
   6    C6        1.3900        0.0000        0.0000 
   6    C7        2.1480       -1.2890       -0.0610 
  35   Br1        2.5640       -1.9960        1.7320 
   1    H1       -0.5660        3.3290       -0.0200 
   1    H2        1.9000        3.3430       -0.0110 
   1    H3       -1.7790        1.1810       -0.0110 
   1    H4        3.1430        1.2260        0.0020 
   1    H5       -0.5340       -0.9350        0.0010 
   1    H6        1.5870       -2.0720       -0.5430 
   1    H7        3.1040       -1.1800       -0.5440 

