Run semi-empirical minimization
 &qmmm
    qm_theory='AM1', grms_tol=0.0005,
 scfconv=1.d-10, ndiis_attempts=700,   qmcharge=0,
 /
   6    C1        0.9630        3.1040        2.2230 
   6    C2        1.0550        4.4990        1.6830 
   6    C3        1.0770        0.0500        0.1960 
   6    C4        2.8430        1.0380        1.6980 
   6    C5        1.3530        0.9190        1.4130 
   8    O1        1.0160        2.8250        3.4140 
   8    O2        0.8120        2.2180        1.1940 
   1    H1        0.1360        4.7520        1.1500 
   1    H2        1.9210        4.5830        1.0210 
   1    H3        1.1820        5.2010        2.5120 
   1    H4        1.4530       -0.9670        0.3400 
   1    H5        0.0000        0.0000        0.0000 
   1    H6        1.5400        0.4710       -0.7030 
   1    H7        3.2880        0.0590        1.8990 
   1    H8        3.0140        1.6860        2.5640 
   1    H9        3.3700        1.4960        0.8530 
   1   H10        0.8470        0.4960        2.2870 

