Run semi-empirical minimization
 &qmmm
    qm_theory='AM1', grms_tol=0.0005,
 scfconv=1.d-10, ndiis_attempts=700,   qmcharge=0,
 /
   6    C1        1.8850       -1.0360       -0.1120 
   6    C2        0.8070       -0.4630        0.5610 
   6    C3        2.8780       -1.6520        2.0020 
   6    C4        5.1370       -1.4110       -0.3700 
   6    C5        2.9210       -1.6310        0.6080 
   6    C6        4.0400       -2.2250       -0.0910 
   6    C7        0.7640       -0.4840        1.9550 
   6    C8        1.8000       -1.0790        2.6760 
   6    C9        6.2410       -1.9340       -1.0430 
   6   C10        4.0460       -3.5630       -0.4850 
   6   C11        6.2470       -3.2720       -1.4370 
   6   C12        5.1500       -4.0870       -1.1580 
  17   Cl1       -0.5980        0.2460        2.7310 
  17   Cl2        1.8050       -1.1320        4.4040 
  17   Cl3        7.5640       -0.8610       -1.3530 
  17   Cl4        2.6650       -4.5620       -0.1260 
  17   Cl5        7.6320       -3.9110       -2.2780 
  17   Cl6        5.1560       -5.7590       -1.6490 
   1    H1        1.9030       -1.0140       -1.2000 
   1    H2        0.0080       -0.0050       -0.0170 
   1    H3        3.6870       -2.1180        2.5630 
   1    H4        5.1320       -0.3660       -0.0620 

