Run semi-empirical minimization
 &qmmm
    qm_theory='AM1', grms_tol=0.0005,
 scfconv=1.d-10, ndiis_attempts=700,   qmcharge=0,
 /
   6    C1        3.2580       -1.9340        0.4980 
   6    C2        2.3340       -1.2760       -0.3140 
   6    C3        3.1420       -1.8620        1.8860 
   6    C4        1.2950       -0.5460        0.2620 
   6    C5        2.1030       -1.1310        2.4630 
   6    C6        1.1790       -0.4730        1.6510 
   6    C7        1.9980       -1.0690        3.9510 
   6    C8       -1.0670       -0.5770        2.7590 
   6    C9        0.0590        0.3150        2.2450 
   1    H1        4.0670       -2.5020        0.0490 
   1    H2        2.4250       -1.3320       -1.3950 
   1    H3        3.8680       -2.3770        2.5100 
   1    H4        0.5800       -0.0370       -0.3790 
   1    H5        2.5650       -0.2130        4.3360 
   1    H6        0.9540       -0.9690        4.2710 
   1    H7        2.3880       -1.9840        4.4150 
   1    H8       -1.4600       -1.2150        1.9600 
   1    H9       -1.8940        0.0290        3.1450 
   1   H10       -0.7160       -1.2270        3.5670 
   1   H11        0.4290        0.9430        3.0710 
   1   H12       -0.3480        1.0190        1.5020 

