Run semi-empirical minimization
 &qmmm
    qm_theory='AM1', grms_tol=0.0005,
 scfconv=1.d-10, ndiis_attempts=700,   qmcharge=0,
 /
   6    C1       -1.1670       -1.4790        0.9430 
   6    C2        1.0000        1.8470        2.5380 
   6    C3        2.8800       -1.9410        2.1940 
   6    C4       -0.2720       -0.2550        1.0310 
   6    C5        1.7510        0.6710        1.9380 
   6    C6        1.6570       -1.6540        1.3400 
   7    N1        0.9010       -0.5170        1.8640 
   1    H1       -0.6360       -2.3270        0.4970 
   1    H2       -1.5260       -1.7810        1.9320 
   1    H3       -2.0410       -1.2630        0.3190 
   1    H4        0.1270        2.1110        1.9310 
   1    H5        0.6560        1.6230        3.5540 
   1    H6        1.6520        2.7250        2.5890 
   1    H7        3.5600       -1.0830        2.2140 
   1    H8        2.5980       -2.1790        3.2250 
   1    H9        3.4300       -2.7970        1.7890 
   1   H10       -0.8320        0.5860        1.4520 
   1   H11        0.0570        0.0390        0.0290 
   1   H12        2.6340        0.4450        2.5450 
   1   H13        2.1010        0.9270        0.9330 
   1   H14        1.0080       -2.5350        1.3110 
   1   H15        1.9630       -1.4400        0.3110 

