Run semi-empirical minimization
 &qmmm
    qm_theory='AM1', grms_tol=0.0005,
 scfconv=1.d-10, ndiis_attempts=700,   qmcharge=0,
 /
   6    C1       -0.0090       -0.6550        0.8770 
   6    C2        1.2440       -0.4430        1.7060 
   6    C3        1.2750       -1.3490        2.9270 
   6    C4        3.8460       -1.6030        5.5460 
   6    C5        2.5500       -1.9090        4.8200 
   8    O1        4.9400       -1.8940        4.6860 
   8    O2        2.4630       -1.0900        3.6620 
   1    H1       -0.9080       -0.4410        1.4640 
   1    H2       -0.0060        0.0090        0.0070 
   1    H3       -0.0720       -1.6870        0.5170 
   1    H4        1.3080        0.6040        2.0230 
   1    H5        2.1330       -0.6260        1.0900 
   1    H6        0.4150       -1.1590        3.5770 
   1    H7        1.2710       -2.4040        2.6320 
   1    H8        3.9480       -2.2170        6.4470 
   1    H9        3.8930       -0.5440        5.8150 
   1   H10        1.6830       -1.6970        5.4540 
   1   H11        2.5270       -2.9560        4.5030 
   1   H12        5.5110       -2.5180        5.1620 

