Run semi-empirical minimization
 &qmmm
    qm_theory='AM1', grms_tol=0.0005,
 scfconv=1.d-10, ndiis_attempts=700,   qmcharge=0,
 /
   6    C1        1.0520       -1.1530        1.4360 
   6    C2        0.6250        0.1470        0.8060 
   6    C3        3.1880       -5.7100        0.9830 
   6    C4        1.7900       -2.1230        0.5290 
   6    C5        2.8590       -4.3960        0.2920 
   6    C6        2.1540       -3.4260        1.2380 
   8    O1        0.8080       -1.3970        2.6160 
   1    H1        1.5050        0.6890        0.4520 
   1    H2       -0.0550       -0.0540       -0.0250 
   1    H3        0.1050        0.7620        1.5470 
   1    H4        2.2790       -6.2030        1.3410 
   1    H5        3.6910       -6.3880        0.2880 
   1    H6        3.8510       -5.5470        1.8390 
   1    H7        2.6990       -1.6260        0.1730 
   1    H8        1.1470       -2.3340       -0.3320 
   1    H9        2.2230       -4.5970       -0.5780 
   1   H10        3.7850       -3.9450       -0.0820 
   1   H11        2.8010       -3.2110        2.0970 
   1   H12        1.2450       -3.8940        1.6380 

