Run semi-empirical minimization
 &qmmm
    qm_theory='AM1', grms_tol=0.0005,
 scfconv=1.d-10, ndiis_attempts=700,   qmcharge=0,
 /
   6    C1        0.3390        0.4830        0.9250 
   6    C2       -0.8090        0.5230        1.9320 
   6    C3        1.4400       -0.3490        1.5720 
   6    C4       -1.0390       -0.9200        2.3680 
   8    O1        1.0340       -1.6420        3.8320 
   8    O2        0.6020       -2.8500        1.6430 
  16    S1        0.5900       -1.6500        2.4540 
   1    H1       -0.0010        0.0000        0.0000 
   1    H2        0.6930        1.4860        0.6700 
   1    H3       -0.5180        1.1330        2.7960 
   1    H4       -1.7150        0.9600        1.5020 
   1    H5        2.1230       -0.7830        0.8390 
   1    H6        1.9990        0.2410        2.3040 
   1    H7       -1.5290       -0.9910        3.3410 
   1    H8       -1.6130       -1.4700        1.6170 

