Run semi-empirical minimization
 &qmmm
    qm_theory='AM1', grms_tol=0.0005,
 scfconv=1.d-10, ndiis_attempts=700,   qmcharge=0,
 /
   6    C1       -2.4440       -0.2300       -0.7730 
   6    C2       -1.6440       -0.2460        0.4940 
   6    C3       -1.8910        1.8640       -3.7230 
   6    C4       -2.5900        0.8100       -2.8900 
   8    O1       -3.4150       -0.9440       -0.9800 
   8    O2       -1.9190        0.6900       -1.6320 
   1    H1       -1.6900        0.7350        0.9750 
   1    H2       -0.6090       -0.5200        0.2760 
   1    H3       -2.0630       -0.9890        1.1780 
   1    H4       -2.3800        1.9810       -4.6940 
   1    H5       -1.8960        2.8300       -3.2060 
   1    H6       -0.8430        1.5950       -3.8850 
   1    H7       -2.5640       -0.1590       -3.3970 
   1    H8       -3.6310        1.0920       -2.7080 

