Run semi-empirical minimization
 &qmmm
    qm_theory='AM1', grms_tol=0.0005,
 scfconv=1.d-10, ndiis_attempts=700,   qmcharge=0,
 /
   6    C1       -1.3270       -6.3390       -1.1210 
   6    C2       -0.7590       -5.6580       -2.1940 
   6    C3        0.3850       -4.8790       -2.0030 
   6    C4        0.9840       -4.7640       -0.7360 
   6    C5        0.3930       -5.4610        0.3330 
   6    C6       -0.7510       -6.2410        0.1420 
   6    C7        2.1920       -3.9410       -0.5340 
   6    C8        3.2990       -4.0510       -1.3950 
   6    C9        4.4430       -3.2720       -1.2040 
   6   C10        4.5030       -2.3660       -0.1490 
   6   C11        3.4190       -2.2390        0.7160 
   6   C12        2.2750       -3.0190        0.5250 
   1    H1       -2.2160       -6.9450       -1.2700 
   1    H2       -1.2060       -5.7300       -3.1820 
   1    H3        0.8000       -4.3500       -2.8600 
   1    H4        0.8250       -5.4120        1.3310 
   1    H5       -1.1900       -6.7730        0.9820 
   1    H6        3.2860       -4.7580       -2.2220 
   1    H7        5.2880       -3.3750       -1.8790 
   1    H8        5.3910       -1.7600       -0.0000 
   1    H9        3.4600       -1.5320        1.5390 
   1   H10        1.4400       -2.8900        1.2110 

