Run semi-empirical minimization
 &qmmm
    qm_theory='AM1', grms_tol=0.0005,
 scfconv=1.d-10, ndiis_attempts=700,   qmcharge=0,
 /
   6    C1        1.3380        2.4160        0.0230 
   6    C2       -0.7130        1.1850        0.0000 
   6    C3        2.0490        1.2260        0.0000 
   6    C4        0.0000        0.0000        0.0000 
   6    C5       -0.0500        2.4080        0.0310 
   6    C6        1.3930        0.0000        0.0000 
   6    C7       -0.8690        3.6660       -0.0460 
   6    C8        2.1630       -1.2990        0.0100 
   6    C9       -1.2170        5.9810        0.4870 
   6   C10        0.1890        4.6530        1.9780 
   7    N1       -0.4890        4.7430        0.6970 
   8    O1       -1.8130        3.7150       -0.7950 
   1    H1        1.8710        3.3500        0.0140 
   1    H2       -1.7870        1.1720       -0.0350 
   1    H3        3.1250        1.2560       -0.0230 
   1    H4       -0.5320       -0.9360       -0.0150 
   1    H5        3.1890       -1.1500       -0.3060 
   1    H6        2.1820       -1.7280        1.0090 
   1    H7        1.7090       -2.0280       -0.6520 
   1    H8       -1.4600        6.0940       -0.5570 
   1    H9       -2.1420        6.0050        1.0600 
   1   H10       -0.5910        6.8080        0.8020 
   1   H11        0.5210        3.6480        2.1780 
   1   H12       -0.4880        4.9490        2.7760 
   1   H13        1.0490        5.3150        2.0000 

