Run semi-empirical minimization
 &qmmm
    qm_theory='AM1', grms_tol=0.0005,
 scfconv=1.d-10, ndiis_attempts=700,   qmcharge=0,
 /
   6    C1       -2.3830        3.1740       -2.0960 
   6    C2       -1.0120        2.9510       -1.9810 
   6    C3       -3.2040        3.0680       -0.9730 
   6    C4       -0.4600        2.6210       -0.7430 
   6    C5       -2.6520        2.7390        0.2660 
   6    C6       -1.2870        2.5200        0.3650 
   6    C7       -2.0270        0.0020        1.8760 
   6    C8        0.3170       -0.0300        1.0010 
   6    C9       -0.6900        2.1630        1.7040 
   6   C10       -0.6430        0.6470        1.9820 
   1    H1       -2.8130        3.4310       -3.0600 
   1    H2       -0.3730        3.0330       -2.8560 
   1    H3       -4.2720        3.2430       -1.0620 
   1    H4        0.6100        2.4490       -0.6630 
   1    H5       -3.2990        2.6590        1.1350 
   1    H6       -2.4720        0.1740        0.8900 
   1    H7       -2.7110        0.3990        2.6330 
   1    H8       -1.9630       -1.0810        2.0310 
   1    H9        0.3860       -1.1040        1.2020 
   1   H10       -0.0150        0.1010       -0.0350 
   1   H11        1.3250        0.3910        1.0900 
   1   H12        0.3180        2.5890        1.7890 
   1   H13       -1.2870        2.6640        2.4780 
   1   H14       -0.2630        0.4720        2.9960 

